        Frequency / MHz                S1,1 (Mesh Pass=3)/abs,dB
----------------------------------------------------------------------
                      40                     -0.16561021
               40.259998                     -0.16035643
                   40.52                     -0.15826921
               40.779999                     -0.17308355
               41.040001                     -0.21006751
               41.299999                     -0.26337572
               41.560001                     -0.32037801
                   41.82                     -0.37064879
               42.080002                     -0.41440039
                   42.34                     -0.46498611
               42.599998                     -0.54396781
               42.860001                     -0.67207648
               43.119999                     -0.86062351
               43.380001                      -1.1057755
               43.639999                      -1.3858794
               43.900002                       -1.661933
                   44.16                      -1.8829291
               44.419998                      -1.9985504
                   44.68                      -1.9778937
               44.939999                      -1.8246654
               45.200001                      -1.5769139
               45.459999                      -1.2906127
               45.720001                      -1.0188687
                   45.98                     -0.79772655
               46.240002                     -0.64106122
                    46.5                     -0.54235705
               46.759998                     -0.48133153
                   47.02                      -0.4339987
               47.279999                     -0.38339633
               47.540001                     -0.32608202
               47.799999                     -0.27065753
               48.060001                     -0.22961283
                   48.32                      -0.2100581
               48.580002                     -0.20881985
                   48.84                     -0.21419561
               49.099998                     -0.21305361
               49.360001                     -0.19891115
               49.619999                     -0.17565425
               49.880001                     -0.15434454
               50.139999                     -0.14559123
               50.400002                     -0.15272849
                   50.66                      -0.1699041
               50.919998                     -0.18597422
                   51.18                     -0.19176477
               51.439999                     -0.18604482
               51.700001                     -0.17615151
               51.959999                     -0.17295976
               52.220001                     -0.18387743
                   52.48                     -0.20841018
               52.740002                     -0.23879951
                      53                     -0.26517523
               53.259998                     -0.28202309
                   53.52                     -0.29177834
               53.779999                     -0.30317981
               54.040001                     -0.32572437
               54.299999                     -0.36399869
               54.560001                     -0.41529352
                   54.82                     -0.47163657
               55.080002                     -0.52489494
                   55.34                      -0.5718458
               55.599998                      -0.6160629
               55.860001                     -0.66553179
               56.119999                     -0.72775935
               56.380001                      -0.8054273
               56.639999                     -0.89488667
               56.900002                     -0.98796503
                   57.16                      -1.0759017
               57.419998                      -1.1531824
                   57.68                      -1.2191968
               57.939999                      -1.2769883
               58.200001                      -1.3301243
               58.459999                      -1.3796083
               58.720001                      -1.4223967
                   58.98                      -1.4520914
               59.240002                      -1.4614462
                    59.5                       -1.445578
               59.759998                      -1.4044785
                   60.02                      -1.3435775
               60.279999                      -1.2719813
               60.540001                      -1.1991434
               60.799999                      -1.1314459
               61.060001                      -1.0702358
                   61.32                      -1.0122224
               61.580002                      -0.9521804
                   61.84                     -0.88671342
               62.099998                     -0.81699626
               62.360001                     -0.74873489
               62.619999                     -0.68923742
               62.880001                     -0.64331344
               63.139999                     -0.61041493
               63.400002                     -0.58476663
                   63.66                     -0.55857889
               63.919998                     -0.52664837
                   64.18                     -0.48950558
               64.440002                     -0.45296907
               64.699997                     -0.42430303
               64.959999                     -0.40748065
               65.220001                     -0.40052342
               65.480003                     -0.39654955
               65.739998                     -0.38799479
                      66                     -0.37141712
               66.260002                     -0.34969032
               66.519997                     -0.33001109
               66.779999                     -0.31908173
               67.040001                     -0.31869319
               67.300003                     -0.32451171
               67.559998                     -0.32883194
                   67.82                      -0.3256132
               68.080002                     -0.31450925
               68.339996                     -0.30107186
               68.599998                     -0.29297429
               68.860001                     -0.29489081
               69.120003                     -0.30542476
               69.379997                     -0.31802422
               69.639999                     -0.32531229
               69.900002                     -0.32406394
               70.160004                     -0.31743128
               70.419998                     -0.31281323
                   70.68                     -0.31691297
               70.940002                      -0.3313582
               71.199997                      -0.3517064
               71.459999                     -0.37044213
               71.720001                      -0.3820764
               71.980003                      -0.3869655
               72.239998                     -0.39117371
                    72.5                     -0.40249483
               72.760002                     -0.42543496
               73.019997                     -0.45847866
               73.279999                     -0.49531055
               73.540001                     -0.52926341
               73.800003                     -0.55811421
               74.059998                     -0.58599746
                   74.32                     -0.62112589
               74.580002                       -0.670965
               74.839996                     -0.73813741
               75.099998                     -0.81964857
               75.360001                     -0.90989936
               75.620003                      -1.0056862
               75.879997                      -1.1100565
               76.139999                      -1.2325563
               76.400002                      -1.3858961
               76.660004                      -1.5814963
               76.919998                      -1.8268965
                   77.18                      -2.1266912
               77.440002                      -2.4866601
               77.699997                      -2.9190458
               77.959999                      -3.4462385
               78.220001                      -4.1010273
               78.480003                      -4.9233424
               78.739998                      -5.9540683
                      79                       -7.223675
               79.260002                      -8.7243497
               79.519997                       -10.33552
               79.779999                      -11.680091
               80.040001                       -12.14066
               80.300003                      -11.501602
               80.559998                      -10.266037
                   80.82                      -8.9564662
               81.080002                      -7.7968001
               81.339996                      -6.8369967
               81.599998                       -6.064919
               81.860001                      -5.4507224
               82.120003                      -4.9616496
               82.379997                      -4.5678094
               82.639999                      -4.2456848
               82.900002                      -3.9802092
               83.160004                      -3.7644909
               83.419998                      -3.5968229
                   83.68                      -3.4762305
               83.940002                      -3.3987494
               84.199997                      -3.3563434
               84.459999                      -3.3390293
               84.720001                      -3.3389915
               84.980003                      -3.3540954
               85.239998                        -3.38829
                    85.5                      -3.4483475
               85.760002                      -3.5388679
               86.019997                      -3.6585677
               86.279999                      -3.8000844
               86.540001                      -3.9535546
               86.800003                      -4.1118687
               87.059998                      -4.2740109
                   87.32                      -4.4437143
               87.580002                      -4.6238337
               87.839996                      -4.8100119
               88.099998                      -4.9880662
               88.360001                      -5.1376937
               88.620003                      -5.2411893
               88.879997                      -5.2915869
               89.139999                      -5.2939129
               89.400002                      -5.2585596
               89.660004                      -5.1925475
               89.919998                      -5.0957196
                   90.18                      -4.9643886
               90.440002                      -4.7988978
               90.699997                      -4.6085538
               90.959999                      -4.4097126
               91.220001                      -4.2186343
               91.480003                      -4.0444749
               91.739998                      -3.8868738
                      92                      -3.7391188
               92.260002                      -3.5945874
               92.519997                      -3.4522838
               92.779999                      -3.3179136
               93.040001                      -3.2000893
               93.300003                      -3.1046159
               93.559998                      -3.0307238
                   93.82                      -2.9715614
               94.080002                      -2.9185347
               94.339996                      -2.8667904
               94.599998                      -2.8182053
               94.860001                      -2.7798612
               95.120003                      -2.7591567
               95.379997                      -2.7589124
               95.639999                      -2.7755934
               95.900002                      -2.8016813
               96.160004                       -2.830754
               96.419998                      -2.8620302
                   96.68                      -2.9012937
               96.940002                      -2.9575874
               97.199997                      -3.0379753
               97.459999                      -3.1438002
               97.720001                      -3.2707004
               97.980003                      -3.4124058
               98.239998                      -3.5660881
                    98.5                      -3.7359023
               98.760002                      -3.9324053
               99.019997                      -4.1683202
               99.279999                      -4.4534621
               99.540001                      -4.7919276
               99.800003                      -5.1830816
                  100.06                      -5.6259038
                  100.32                      -6.1243035
                  100.58                      -6.6902628
                  100.84                      -7.3425784
                   101.1                      -8.1011854
                  101.36                      -8.9782982
                  101.62                      -9.9664474
                  101.88                      -11.020401
                  102.14                      -12.029425
                   102.4                      -12.793187
                  102.66                      -13.065773
                  102.92                      -12.724369
                  103.18                      -11.892929
                  103.44                      -10.823322
                   103.7                      -9.7202022
                  103.96                      -8.6921253
                  104.22                      -7.7774846
                  104.48                      -6.9767867
                  104.74                      -6.2748421
                     105                       -5.654635
                  105.26                      -5.1048413
                  105.52                      -4.6214112
                  105.78                      -4.2043483
                  106.04                      -3.8524133
                   106.3                       -3.559046
                  106.56                      -3.3117471
                  106.82                      -3.0953985
                  107.08                      -2.8978349
                  107.34                      -2.7143711
                   107.6                      -2.5482023
                  107.86                      -2.4062052
                  108.12                       -2.292802
                  108.38                      -2.2056483
                  108.64                      -2.1357037
                   108.9                      -2.0717185
                  109.16                      -2.0065643
                  109.42                      -1.9412566
                  109.68                      -1.8837425
                  109.94                      -1.8431694
                   110.2                      -1.8234744
                  110.46                      -1.8203636
                  110.72                      -1.8235925
                  110.98                      -1.8233572
                  111.24                      -1.8168346
                   111.5                      -1.8102684
                  111.76                      -1.8149419
                  112.02                      -1.8397686
                  112.28                      -1.8854389
                  112.54                      -1.9438064
                   112.8                      -2.0031277
                  113.06                      -2.0561899
                  113.32                      -2.1059244
                  113.58                      -2.1642814
                  113.84                      -2.2449507
                   114.1                      -2.3548606
                  114.36                      -2.4899028
                  114.62                      -2.6376651
                  114.88                      -2.7860801
                  115.14                       -2.932877
                   115.4                      -3.0890626
                  115.66                      -3.2733752
                  115.92                      -3.5012555
                  116.18                      -3.7753527
                  116.44                      -4.0833176
                   116.7                      -4.4050523
                  116.96                      -4.7265598
                  117.22                      -5.0515138
                  117.48                      -5.4006629
                  117.74                      -5.7973559
                     118                      -6.2475524
                  118.26                      -6.7259968
                  118.52                      -7.1792596
                  118.78                      -7.5516639
                  119.04                      -7.8216695
                   119.3                      -8.0145424
                  119.56                       -8.172987
                  119.82                      -8.3115683
                  120.08                        -8.39493
                  120.34                      -8.3620269
                   120.6                      -8.1858026
                  120.86                      -7.9132296
                  121.12                      -7.6398024
                  121.38                       -7.448545
                  121.64                      -7.3678199
                   121.9                      -7.3641465
                  122.16                      -7.3688294
                  122.42                      -7.3358633
                  122.68                      -7.2995472
                  122.94                      -7.3808333
                   123.2                      -7.7443192
                  123.46                       -8.553013
                  123.72                      -9.9147665
                  123.98                      -11.640444
                  124.24                      -12.460773
                   124.5                      -10.890025
                  124.76                      -8.2998846
                  125.02                       -6.052924
                  125.28                      -4.3982736
                  125.54                      -3.2781149
                   125.8                      -2.5952813
                  126.06                      -2.2525634
                  126.32                      -2.1509642
                  126.58                      -2.1883571
                  126.84                      -2.2705756
                   127.1                      -2.3341309
                  127.36                      -2.3637668
                  127.62                      -2.3858206
                  127.88                      -2.4407092
                  128.14                      -2.5557109
               128.39999                      -2.7323406
                  128.66                      -2.9490903
                  128.92                      -3.1748546
               129.17999                      -3.3860516
                  129.44                      -3.5778138
                   129.7                      -3.7622224
               129.96001                      -3.9563608
                  130.22                      -4.1704333
                  130.48                      -4.4042258
               130.74001                      -4.6532073
                     131                       -4.919283
               131.25999                      -5.2183595
                  131.52                      -5.5794047
                  131.78                      -6.0361346
               132.03999                      -6.6168144
                   132.3                      -7.3365227
                  132.56                      -8.1926198
               132.82001                      -9.1612953
                  133.08                      -10.191241
                  133.34                      -11.190178
               133.60001                      -12.008637
                  133.86                      -12.455716
                  134.12                       -12.39693
                  134.38                      -11.871137
                  134.64                      -11.060905
               134.89999                      -10.154314
                  135.16                      -9.2669278
                  135.42                      -8.4460492
               135.67999                      -7.7007083
                  135.94                      -7.0268422
                   136.2                      -6.4212372
               136.46001                      -5.8851859
                  136.72                       -5.421408
                  136.98                      -5.0289323
               137.24001                      -4.6999236
                   137.5                      -4.4204109
               137.75999                        -4.17463
                  138.02                      -3.9507559
                  138.28                      -3.7446515
               138.53999                      -3.5592822
                   138.8                      -3.4002412
                  139.06                      -3.2703233
               139.32001                      -3.1664097
                  139.58                      -3.0802998
                  139.84                      -3.0027927
               140.10001                      -2.9285097
                  140.36                      -2.8582925
                  140.62                      -2.7976377
                  140.88                      -2.7523247
                  141.14                      -2.7242057
               141.39999                       -2.709749
                  141.66                      -2.7021239
                  141.92                      -2.6954214
               142.17999                      -2.6882713
                  142.44                      -2.6844195
                   142.7                      -2.6899506
               142.96001                      -2.7091351
                  143.22                      -2.7416644
                  143.48                      -2.7829734
               143.74001                      -2.8273748
                     144                      -2.8719378
               144.25999                      -2.9185346
                  144.52                      -2.9726471
                  144.78                       -3.039838
               145.03999                      -3.1223005
                   145.3                      -3.2177398
                  145.56                      -3.3212397
               145.82001                      -3.4289109
                  146.08                       -3.540902
                  146.34                      -3.6616895
               146.60001                      -3.7974436
                  146.86                      -3.9522713
                  147.12                      -4.1258128
                  147.38                       -4.313737
                  147.64                      -4.5108118
               147.89999                      -4.7145661
                  148.16                      -4.9269447
                  148.42                      -5.1526037
               148.67999                      -5.3948271
                  148.94                      -5.6516475
                   149.2                       -5.914732
               149.46001                      -6.1718848
                  149.72                      -6.4116837
                  149.98                      -6.6269937
               150.24001                      -6.8145367
                   150.5                      -6.9707633
               150.75999                      -7.0875793
                  151.02                      -7.1521253
                  151.28                      -7.1519447
               151.53999                      -7.0822278
                   151.8                      -6.9493715
                  152.06                      -6.7678175
               152.32001                      -6.5529362
                  152.58                      -6.3154739
                  152.84                      -6.0608517
               153.10001                      -5.7924452
                  153.36                      -5.5154189
                  153.62                      -5.2380279
                  153.88                       -4.969706
                  154.14                      -4.7177113
               154.39999                      -4.4848112
                  154.66                      -4.2694354
                  154.92                      -4.0680216
               155.17999                      -3.8779823
                  155.44                       -3.699469
                   155.7                      -3.5349868
               155.96001                       -3.387349
                  156.22                      -3.2574862
                  156.48                      -3.1435611
               156.74001                      -3.0418633
                     157                      -2.9488675
               157.25999                      -2.8630896
                  157.52                      -2.7855597
                  157.78                      -2.7186595
               158.03999                       -2.664176
                   158.3                      -2.6218679
                  158.56                      -2.5894392
               158.82001                      -2.5638819
                  159.08                      -2.5432921
                  159.34                      -2.5279595
               159.60001                      -2.5200331
                  159.86                      -2.5220366
                  160.12                      -2.5352267
                  160.38                      -2.5588741
                  160.64                      -2.5908795
               160.89999                      -2.6293217
                  161.16                      -2.6739046
                  161.42                      -2.7263919
               161.67999                      -2.7897554
                  161.94                      -2.8666335
                   162.2                      -2.9581082
               162.46001                      -3.0635576
                  162.72                      -3.1816639
                  162.98                      -3.3119219
               163.24001                      -3.4557066
                   163.5                      -3.6162257
               163.75999                      -3.7974147
                  164.02                      -4.0024755
                  164.28                      -4.2329376
               164.53999                      -4.4887695
                   164.8                      -4.7694184
                  165.06                      -5.0750971
               165.32001                      -5.4074673
                  165.58                      -5.7692095
                  165.84                      -6.1625484
               166.10001                      -6.5873578
                  166.36                      -7.0395589
                  166.62                      -7.5102779
                  166.88                      -7.9857228
                  167.14                      -8.4474766
               167.39999                      -8.8729215
                  167.66                      -9.2360076
                  167.92                      -9.5092555
               168.17999                      -9.6678111
                  168.44                      -9.6951153
                   168.7                       -9.587826
               168.96001                      -9.3572031
                  169.22                      -9.0262001
                  169.48                      -8.6240846
               169.74001                      -8.1810985
                     170                       -7.724542
               170.25999                      -7.2763655
                  170.52                      -6.8520512
                  170.78                       -6.460566
               171.03999                      -6.1053195
                   171.3                      -5.7858861
                  171.56                      -5.5000351
               171.82001                      -5.2454184
                  172.08                      -5.0204036
                  172.34                      -4.8238826
               172.60001                      -4.6544471
                  172.86                      -4.5095975
                  173.12                      -4.3856248
                  173.38                      -4.2783244
                  173.64                      -4.1842026
               173.89999                       -4.101436
                  174.16                      -4.0299864
                  174.42                      -3.9707557
               174.67999                      -3.9243098
                  174.94                       -3.889955
                   175.2                      -3.8657441
               175.46001                      -3.8493806
                  175.72                      -3.8394431
                  175.98                      -3.8361194
               176.24001                      -3.8409377
                   176.5                      -3.8556761
               176.75999                      -3.8811612
                  177.02                      -3.9167192
                  177.28                      -3.9606596
               177.53999                      -4.0114664
                   177.8                      -4.0689091
                  178.06                      -4.1343423
               178.32001                      -4.2099575
                  178.58                      -4.2974913
                  178.84                      -4.3972289
               179.10001                      -4.5079696
                  179.36                      -4.6279928
                  179.62                       -4.756376
                  179.88                      -4.8937932
                  180.14                      -5.0421848
               180.39999                      -5.2034815
                  180.66                      -5.3781887
                  180.92                      -5.5647572
               181.17999                      -5.7601674
                  181.44                      -5.9613413
                   181.7                       -6.166399
               181.96001                      -6.3747647
                  182.22                      -6.5859113
                  182.48                      -6.7974869
               182.74001                      -7.0041076
                     183                      -7.1977837
               183.25999                      -7.3698782
                  183.52                      -7.5133908
                  183.78                      -7.6239875
               184.03999                       -7.699133
                   184.3                      -7.7362537
                  184.56                      -7.7317807
               184.82001                      -7.6821898
                  185.08                      -7.5864628
                  185.34                      -7.4479681
               185.60001                      -7.2741332
                  185.86                      -7.0739973
                  186.12                       -6.855404
                  186.38                      -6.6236227
                  186.64                      -6.3819484
               186.89999                      -6.1333884
                  187.16                      -5.8819785
                  187.42                      -5.6327597
               187.67999                      -5.3905581
                  187.94                      -5.1585489
                   188.2                      -4.9376273
               188.46001                      -4.7269734
                  188.72                      -4.5253898
                  188.98                      -4.3325469
               189.24001                      -4.1493655
                   189.5                      -3.9773865
               189.75999                      -3.8176573
                  190.02                      -3.6699256
                  190.28                      -3.5326644
               190.53999                      -3.4039045
                   190.8                      -3.2822908
                  191.06                      -3.1676869
               191.32001                      -3.0609377
                  191.58                      -2.9630044
                  191.84                      -2.8740613
               192.10001                      -2.7931647
                  192.36                      -2.7186848
                  192.62                       -2.649213
                  192.88                      -2.5843221
                  193.14                      -2.5246736
               193.39999                      -2.4714383
                  193.66                      -2.4254079
                  193.92                      -2.3864235
               194.17999                      -2.3534696
                  194.44                      -2.3253679
                   194.7                      -2.3016103
               194.96001                      -2.2827588
                  195.22                      -2.2701739
                  195.48                      -2.2652556
               195.74001                      -2.2687158
                     196                      -2.2803687
               196.25999                      -2.2995586
                  196.52                      -2.3259603
                  196.78                      -2.3602138
               197.03999                      -2.4039907
                   197.3                      -2.4594677
                  197.56                      -2.5285674
               197.82001                      -2.6124673
                  198.08                       -2.711718
                  198.34                      -2.8268937
               198.60001                      -2.9593759
                  198.86                      -3.1117973
                  199.12                      -3.2878705
                  199.38                      -3.4917501
                  199.64                      -3.7273524
               199.89999                      -3.9980831
                  200.16                      -4.3071909
                  200.42                      -4.6585802
               200.67999                      -5.0576611
                  200.94                       -5.511796
                   201.2                      -6.0301679
               201.46001                      -6.6232587
                  201.72                      -7.3024328
                  201.98                      -8.0801941
               202.24001                      -8.9715077
                   202.5                      -9.9963971
               202.75999                      -11.183935
                  203.02                      -12.578127
                  203.28                      -14.247641
               203.53999                      -16.305198
                   203.8                      -18.953477
                  204.06                      -22.610849
               204.32001                        -28.2357
                  204.58                      -33.116392
                  204.84                      -26.818549
               205.10001                      -22.290046
                  205.36                      -19.358055
                  205.62                      -17.255285
                  205.88                      -15.649608
                  206.14                      -14.376593
               206.39999                      -13.342984
                  206.66                       -12.48907
                  206.92                      -11.772799
               207.17999                      -11.163246
                  207.44                      -10.638099
                   207.7                      -10.182293
               207.96001                      -9.7863126
                  208.22                      -9.4438682
                  208.48                      -9.1496194
               208.74001                      -8.8977381
                     209                      -8.6818198
               209.25999                      -8.4958785
                  209.52                      -8.3356448
                  209.78                      -8.1991887
               210.03999                      -8.0864106
                   210.3                       -7.997683
                  210.56                      -7.9324626
               210.82001                      -7.8887404
                  211.08                      -7.8636189
                  211.34                      -7.8546024
               211.60001                       -7.860757
                  211.86                      -7.8829401
                  212.12                      -7.9229389
                  212.38                      -7.9820868
                  212.64                      -8.0602808
               212.89999                      -8.1560498
                  213.16                      -8.2676456
                  213.42                      -8.3944454
               213.67999                      -8.5376909
                  213.94                      -8.7000088
                   214.2                      -8.8839476
               214.46001                      -9.0904611
                  214.72                      -9.3183365
                  214.98                      -9.5649694
               215.24001                      -9.8280538
                   215.5                      -10.107023
               215.75999                      -10.403169
                  216.02                      -10.718121
                  216.28                      -11.051553
               216.53999                      -11.399566
                   216.8                      -11.754884
                  217.06                      -12.108863
               217.32001                      -12.453927
                  217.58                      -12.784415
                  217.84                       -13.09482
               218.10001                      -13.376491
                  218.36                      -13.615643
                  218.62                      -13.795118
                  218.88                      -13.899674
                  219.14                      -13.921214
               219.39999                      -13.859719
                  219.66                      -13.719321
                  219.92                      -13.503467
               220.17999                      -13.213621
                  220.44                      -12.852171
                   220.7                      -12.426105
               220.96001                      -11.947605
                  221.22                      -11.430946
                  221.48                      -10.888455
               221.74001                      -10.328619
                     222                      -9.7571201
               222.25999                      -9.1793891
                  222.52                      -8.6024514
                  222.78                      -8.0348811
               223.03999                      -7.4852185
                   223.3                      -6.9601754
                  223.56                      -6.4637884
               223.82001                      -5.9978246
                  224.08                      -5.5629799
                  224.34                       -5.160022
               224.60001                      -4.7902361
                  224.86                      -4.4550538
                  225.12                      -4.1552231
                  225.38                      -3.8901227
                  225.64                      -3.6576586
               225.89999                      -3.4548174
                  226.16                      -3.2785649
                  226.42                      -3.1265814
               226.67999                      -2.9974411
                  226.94                      -2.8901737
                   227.2                      -2.8035451
               227.46001                      -2.7355327
                  227.72                      -2.6833557
                  227.98                      -2.6440544
               228.24001                      -2.6152665
                   228.5                      -2.5956775
               228.75999                      -2.5848726
                  229.02                      -2.5826499
                  229.28                      -2.5882794
               229.53999                       -2.600174
                   229.8                      -2.6162289
                  230.06                       -2.634584
               230.32001                      -2.6543164
                  230.58                      -2.6755606
                  230.84                      -2.6989786
               231.10001                      -2.7249147
                  231.36                      -2.7528207
                  231.62                       -2.781362
                  231.88                      -2.8091167
                  232.14                      -2.8354121
               232.39999                      -2.8606998
                  232.66                      -2.8861857
                  232.92                      -2.9129784
               233.17999                       -2.941321
                  233.44                       -2.970446
                   233.7                      -2.9991574
               233.96001                      -3.0267297
                  234.22                      -3.0535095
                  234.48                      -3.0807611
               234.74001                      -3.1098743
                     235                      -3.1414723
               235.25999                      -3.1750276
                  235.52                      -3.2092762
                  235.78                      -3.2431265
               236.03999                      -3.2764519
                   236.3                      -3.3101868
                  236.56                      -3.3456581
               236.82001                      -3.3836022
                  237.08                      -3.4235675
                  237.34                      -3.4641094
               237.60001                      -3.5036718
                  237.86                      -3.5415363
                  238.12                      -3.5781708
                  238.38                      -3.6147294
                  238.64                      -3.6520354
               238.89999                      -3.6897743
                  239.16                      -3.7264804
                  239.42                       -3.760333
               239.67999                      -3.7902358
                  239.94                      -3.8164067
                   240.2                      -3.8400543
               240.46001                      -3.8623774
                  240.72                      -3.8835836
                  240.98                       -3.902651
               241.24001                      -3.9180009
                   241.5                      -3.9286216
               241.75999                      -3.9348445
                  242.02                       -3.938208
                  242.28                      -3.9404972
               242.53999                      -3.9426491
                   242.8                      -3.9442831
                  243.06                      -3.9441892
               243.32001                      -3.9414283
                  243.58                      -3.9362485
                  243.84                      -3.9301696
               244.10001                      -3.9251575
                  244.36                       -3.922476
                  244.62                      -3.9220127
                  244.88                      -3.9225495
                  245.14                      -3.9227803
               245.39999                      -3.9223571
                  245.66                      -3.9222331
                  245.92                      -3.9240312
               246.17999                      -3.9288972
                  246.44                      -3.9366281
                   246.7                      -3.9456814
               246.96001                      -3.9540629
                  247.22                      -3.9604864
                  247.48                      -3.9649643
               247.74001                      -3.9684249
                     248                      -3.9716042
               248.25999                      -3.9740064
                  248.52                      -3.9736825
                  248.78                      -3.9680048
               249.03999                      -3.9549309
                   249.3                      -3.9338822
                  249.56                      -3.9056416
               249.82001                      -3.8713783
                  250.08                      -3.8315422
                  250.34                      -3.7854747
               250.60001                      -3.7320258
                  250.86                      -3.6707713
                  251.12                      -3.6029529
                  251.38                      -3.5314826
                  251.64                       -3.459982
               251.89999                      -3.3915376
                  252.16                      -3.3279568
                  252.42                      -3.2699654
               252.67999                      -3.2180978
                  252.94                      -3.1735944
                   253.2                      -3.1386693
               253.46001                      -3.1159185
                  253.72                      -3.1072859
                  253.98                      -3.1132551
               254.24001                      -3.1328084
                   254.5                       -3.164181
               254.75999                      -3.2059607
                  255.02                      -3.2578271
                  255.28                      -3.3204678
               255.53999                      -3.3947518
                   255.8                      -3.4807288
                  256.06                      -3.5771554
               256.32001                      -3.6819041
               256.57999                      -3.7930262
                  256.84                      -3.9097978
               257.10001                      -4.0330316
               257.35999                      -4.1644286
                  257.62                      -4.3053868
                  257.88                      -4.4560557
               258.14001                      -4.6153061
               258.39999                      -4.7816541
                  258.66                      -4.9545558
               258.92001                      -5.1351982
               259.17999                      -5.3261892
                  259.44                      -5.5303388
               259.70001                      -5.7492875
               259.95999                      -5.9829207
                  260.22                      -6.2299989
               260.48001                      -6.4896352
               260.73999                      -6.7626816
                     261                      -7.0520606
               261.26001                      -7.3617529
               261.51999                      -7.6950566
                  261.78                      -8.0532677
               262.04001                      -8.4357122
               262.29999                      -8.8412345
                  262.56                      -9.2703026
               262.82001                      -9.7263565
               263.07999                       -10.21537
                  263.34                      -10.743779
               263.60001                      -11.316009
               263.85999                      -11.933275
                  264.12                       -12.59467
                  264.38                      -13.300256
               264.64001                       -14.05441
               264.89999                      -14.867016
                  265.16                      -15.751072
               265.42001                      -16.717307
               265.67999                      -17.768218
                  265.94                      -18.894251
               266.20001                      -20.073532
               266.45999                        -21.2726
                  266.72                      -22.439542
               266.98001                      -23.479938
               267.23999                       -24.23014
                   267.5                      -24.498303
               267.76001                      -24.216084
               268.01999                      -23.524681
                  268.28                      -22.647519
               268.54001                      -21.742377
               268.79999                      -20.875155
                  269.06                       -20.05766
               269.32001                      -19.286093
               269.57999                      -18.561078
                  269.84                       -17.88984
               270.10001                      -17.278816
               270.35999                      -16.726312
                  270.62                      -16.220969
                  270.88                      -15.746528
               271.14001                      -15.289534
               271.39999                      -14.844849
                  271.66                      -14.415393
               271.92001                      -14.006827
               272.17999                      -13.621384
                  272.44                      -13.255075
               272.70001                      -12.899686
               272.95999                      -12.547842
                  273.22                      -12.197423
               273.48001                      -11.852271
               273.73999                      -11.518903
                     274                      -11.201854
               274.26001                      -10.900899
               274.51999                      -10.611782
                  274.78                      -10.329668
               275.04001                      -10.052828
               275.29999                      -9.7840368
                  275.56                      -9.5288296
               275.82001                      -9.2920324
               276.07999                       -9.075002
                  276.34                      -8.8753202
               276.60001                      -8.6889756
               276.85999                      -8.5135164
                  277.12                       -8.350043
                  277.38                      -8.2027116
               277.64001                      -8.0761938
               277.89999                      -7.9728309
                  278.16                      -7.8913512
               278.42001                      -7.8278752
               278.67999                      -7.7784946
                  278.94                      -7.7416074
               279.20001                      -7.7182927
               279.45999                       -7.710221
                  279.72                      -7.7162823
               279.98001                           -7.73
               280.23999                      -7.7394239
                   280.5                      -7.7298709
               280.76001                      -7.6881401
               281.01999                      -7.6058167
                  281.28                      -7.4798941
               281.54001                      -7.3111038
               281.79999                      -7.1021104
                  282.06                      -6.8573246
               282.32001                      -6.5841079
               282.57999                      -6.2935075
                  282.84                      -5.9989783
               283.10001                      -5.7132924
               283.35999                      -5.4453181
                  283.62                      -5.1984308
                  283.88                      -4.9712734
               284.14001                      -4.7603152
               284.39999                      -4.5627202
                  284.66                      -4.3779604
               284.92001                      -4.2074253
               285.17999                      -4.0525563
                  285.44                      -3.9129495
               285.70001                      -3.7857455
               285.95999                      -3.6667358
                  286.22                      -3.5524471
               286.48001                      -3.4418167
               286.73999                      -3.3363021
                     287                      -3.2383535
               287.26001                      -3.1493212
               287.51999                      -3.0682091
                  287.78                      -2.9920806
               288.04001                      -2.9178387
               288.29999                      -2.8441653
                  288.56                      -2.7722552
               288.82001                      -2.7048501
               289.07999                       -2.644227
                  289.34                      -2.5905404
               289.60001                      -2.5416332
               289.85999                       -2.494438
                  290.12                      -2.4470257
                  290.38                      -2.3998857
               290.64001                      -2.3555388
               290.89999                      -2.3167313
                  291.16                      -2.2844927
               291.42001                      -2.2573693
               291.67999                      -2.2323539
                  291.94                      -2.2069211
               292.20001                      -2.1807352
               292.45999                      -2.1558696
                  292.72                      -2.1353174
               292.98001                      -2.1208701
               293.23999                      -2.1118058
                   293.5                      -2.1052971
               293.76001                      -2.0982811
               294.01999                      -2.0895188
                  294.28                      -2.0803906
               294.54001                      -2.0738257
               294.79999                      -2.0720962
                  295.06                      -2.0750062
               295.32001                      -2.0797105
               295.57999                      -2.0823203
                  295.84                      -2.0802011
               296.10001                      -2.0733471
               296.35999                      -2.0638035
                  296.62                      -2.0535404
                  296.88                      -2.0423041
               297.14001                      -2.0270385
               297.39999                      -2.0033936
                  297.66                      -1.9683931
               297.92001                      -1.9224484
               298.17999                       -1.869285
                  298.44                      -1.8138419
               298.70001                      -1.7596483
               298.95999                      -1.7074433
                  299.22                      -1.6558568
               299.48001                      -1.6035238
               299.73999                       -1.551049
                     300                      -1.5013661

