        Frequency / MHz                S1,1 (Mesh Pass=3)/arg,degrees
----------------------------------------------------------------------
                      40                      0.16116828
               40.259998                     -0.83772011
                   40.52                      -1.9698796
               40.779999                      -3.1977659
               41.040001                      -4.4341439
               41.299999                      -5.5988834
               41.560001                      -6.6714114
                   41.82                      -7.7074947
               42.080002                      -8.8070426
                   42.34                      -10.050031
               42.599998                      -11.439061
               42.860001                      -12.878049
               43.119999                      -14.189014
               43.380001                      -15.152235
               43.639999                      -15.557904
               43.900002                      -15.266796
                   44.16                      -14.277136
               44.419998                      -12.775594
                   44.68                      -11.125278
               44.939999                      -9.7587535
               45.200001                      -9.0200626
               45.459999                      -9.0551498
               45.720001                      -9.8042034
                   45.98                      -11.067896
               46.240002                      -12.594975
                    46.5                      -14.160887
               46.759998                      -15.626085
                   47.02                      -16.963119
               47.279999                      -18.239546
               47.540001                      -19.558888
               47.799999                      -20.990398
               48.060001                      -22.529429
                   48.32                      -24.108206
               48.580002                      -25.643971
                   48.84                      -27.093465
               49.099998                      -28.481842
               49.360001                      -29.887846
               49.619999                      -31.393986
               49.880001                      -33.035891
               50.139999                       -34.78494
               50.400002                      -36.572821
                   50.66                      -38.339518
               50.919998                      -40.074896
                   51.18                      -41.828331
               51.439999                      -43.679528
               51.700001                        -45.6899
               51.959999                      -47.868248
               52.220001                      -50.172234
                   52.48                      -52.542378
               52.740002                      -54.945549
                      53                      -57.401484
               53.259998                      -59.976463
                   53.52                      -62.747248
               53.779999                      -65.760214
               54.040001                      -69.012381
               54.299999                       -72.46511
               54.560001                      -76.078669
                   54.82                      -79.847255
               55.080002                      -83.813408
                   55.34                      -88.053733
               55.599998                      -92.645102
               55.860001                      -97.632773
               56.119999                      -103.01983
               56.380001                      -108.78088
               56.639999                      -114.88961
               56.900002                      -121.34343
                   57.16                      -128.17151
               57.419998                      -135.42145
                   57.68                      -143.13183
               57.939999                      -151.30487
               58.200001                      -159.89252
               58.459999                      -168.80169
               58.720001                      -177.91278
                   58.98                       172.89654
               59.240002                       163.73124
                    59.5                        154.6702
               59.759998                       145.77035
                   60.02                       137.08011
               60.279999                       128.65376
               60.540001                       120.55739
               60.799999                       112.86277
               61.060001                       105.63037
                   61.32                       98.890173
               61.580002                       92.629732
                   61.84                       86.798498
               62.099998                       81.329101
               62.360001                       76.166407
               62.619999                       71.287493
               62.880001                       66.702141
               63.139999                       62.433437
               63.400002                       58.489767
                   63.66                       54.845072
               63.919998                       51.439729
                   64.18                       48.203914
               64.440002                       45.089046
               64.699997                       42.086988
               64.959999                        39.22459
               65.220001                       36.537131
               65.480003                       34.037254
               65.739998                       31.698133
                      66                       29.462776
               66.260002                       27.274275
               66.519997                       25.106837
               66.779999                       22.976637
               67.040001                       20.925476
               67.300003                       18.989036
               67.559998                         17.1686
                   67.82                       15.425863
               68.080002                       13.704109
               68.339996                       11.962738
               68.599998                        10.20074
               68.860001                       8.4537422
               69.120003                       6.7669864
               69.379997                       5.1627933
               69.639999                       3.6222303
               69.900002                       2.0948362
               70.160004                      0.52982143
               70.419998                       -1.092649
                   70.68                      -2.7510463
               70.940002                      -4.4000175
               71.199997                      -6.0032271
               71.459999                      -7.5602911
               71.720001                      -9.1104442
               71.980003                      -10.709254
               72.239998                      -12.394672
                    72.5                      -14.165194
               72.760002                       -15.98533
               73.019997                      -17.813334
               73.279999                      -19.633253
               73.540001                      -21.470764
               73.800003                       -23.38207
               74.059998                       -25.42274
                   74.32                      -27.617963
               74.580002                       -29.95446
               74.839996                      -32.398657
               75.099998                      -34.928672
               75.360001                      -37.560694
               75.620003                      -40.352933
               75.879997                       -43.38466
               76.139999                      -46.724488
               76.400002                      -50.409183
               76.660004                      -54.447438
               76.919998                      -58.844903
                   77.18                       -63.63661
               77.440002                       -68.90916
               77.699997                      -74.802629
               77.959999                      -81.495123
               78.220001                      -89.186544
               78.480003                      -98.105323
               78.739998                      -108.55595
                      79                      -121.02296
               79.260002                      -136.33072
               79.519997                      -155.74349
               79.779999                       179.65002
               80.040001                         151.395
               80.300003                       124.73645
               80.559998                       103.36096
                   80.82                       87.042545
               81.080002                       74.335005
               81.339996                       64.086224
               81.599998                       55.577174
               81.860001                       48.371654
               82.120003                       42.185796
               82.379997                       36.806888
               82.639999                       32.054221
               82.900002                       27.771695
               83.160004                       23.839634
               83.419998                       20.187014
                   83.68                       16.790661
               83.940002                       13.656697
               84.199997                       10.791515
               84.459999                       8.1774649
               84.720001                       5.7665181
               84.980003                       3.4973098
               85.239998                        1.325747
                    85.5                     -0.75145011
               85.760002                      -2.6951033
               86.019997                      -4.4464731
               86.279999                       -5.960371
               86.540001                      -7.2296385
               86.800003                      -8.2831821
               87.059998                      -9.1578829
                   87.32                      -9.8604639
               87.580002                       -10.34956
               87.839996                       -10.55239
               88.099998                      -10.411742
               88.360001                      -9.9348845
               88.620003                      -9.2103389
               88.879997                      -8.3738324
               89.139999                      -7.5443193
               89.400002                      -6.7791738
               89.660004                      -6.0821667
               89.919998                      -5.4507296
                   90.18                      -4.9209803
               90.440002                      -4.5721485
               90.699997                         -4.4874
               90.959999                      -4.7037257
               91.220001                      -5.1894881
               91.480003                      -5.8658952
               91.739998                      -6.6519689
                      92                      -7.5064524
               92.260002                      -8.4403306
               92.519997                      -9.4947482
               92.779999                      -10.701287
               93.040001                       -12.05137
               93.300003                      -13.495709
               93.559998                      -14.971686
                   93.82                      -16.439083
               94.080002                       -17.90271
               94.339996                      -19.406226
               94.599998                      -21.001323
               94.860001                      -22.712529
               95.120003                      -24.521875
               95.379997                       -26.38258
               95.639999                      -28.251158
               95.900002                      -30.118368
               96.160004                      -32.018469
               96.419998                      -34.011085
                   96.68                      -36.145653
               96.940002                      -38.434643
               97.199997                      -40.850947
               97.459999                      -43.352105
               97.720001                      -45.914247
               97.980003                      -48.556274
               98.239998                      -51.338893
                    98.5                      -54.337563
               98.760002                      -57.608349
               99.019997                      -61.167531
               99.279999                      -64.999269
               99.540001                      -69.085086
               99.800003                      -73.440072
                  100.06                      -78.136455
                  100.32                      -83.304121
                  100.58                      -89.109455
                  100.84                      -95.732334
                   101.1                      -103.36215
                  101.36                      -112.22538
                  101.62                      -122.63863
                  101.88                        -135.051
                  102.14                      -149.98327
                   102.4                      -167.67663
                  102.66                       172.58762
                  102.92                       152.71691
                  103.18                       134.68084
                  103.44                       119.32231
                   103.7                       106.50396
                  103.96                       95.763293
                  104.22                       86.663077
                  104.48                       78.857537
                  104.74                       72.065596
                     105                       66.044211
                  105.26                       60.588145
                  105.52                       55.548122
                  105.78                       50.843597
                  106.04                       46.457413
                   106.3                       42.405637
                  106.56                       38.698977
                  106.82                       35.311967
                  107.08                       32.176307
                  107.34                       29.203808
                   107.6                       26.326388
                  107.86                       23.524588
                  108.12                       20.827375
                  108.38                       18.284687
                  108.64                       15.926032
                   108.9                       13.733268
                  109.16                       11.642792
                  109.42                        9.580184
                  109.68                        7.502277
                  109.94                       5.4213093
                   110.2                       3.3915962
                  110.46                       1.4706188
                  110.72                     -0.32271552
                  110.98                      -2.0269844
                  111.24                      -3.7172649
                   111.5                       -5.459564
                  111.76                      -7.2679799
                  112.02                      -9.0977051
                  112.28                      -10.875413
                  112.54                       -12.54941
                   112.8                      -14.127566
                  113.06                      -15.676981
                  113.32                      -17.282786
                  113.58                      -18.991318
                  113.84                      -20.777986
                   114.1                      -22.560936
                  114.36                      -24.252856
                  114.62                      -25.817352
                  114.88                      -27.297154
                  115.14                      -28.787663
                   115.4                      -30.370521
                  115.66                      -32.048779
                  115.92                      -33.732177
                  116.18                        -35.2782
                  116.44                      -36.569053
                   116.7                      -37.580252
                  116.96                      -38.392223
                  117.22                      -39.122125
                  117.48                      -39.810826
                  117.74                      -40.345875
                     118                       -40.47953
                  118.26                      -39.945352
                  118.52                       -38.63243
                  118.78                      -36.707187
                  119.04                      -34.542399
                   119.3                      -32.447662
                  119.56                      -30.443632
                  119.82                      -28.302776
                  120.08                      -25.828718
                  120.34                      -23.165164
                   120.6                      -20.836779
                  120.86                      -19.399488
                  121.12                      -19.028582
                  121.38                       -19.43741
                  121.64                       -20.10032
                   121.9                       -20.57286
                  122.16                      -20.778313
                  122.42                      -21.106926
                  122.68                      -22.151564
                  122.94                      -24.216357
                   123.2                       -26.96854
                  123.46                       -29.26567
                  123.72                      -28.751819
                  123.98                      -21.013381
                  124.24                      -2.3758156
                   124.5                        16.39584
                  124.76                       23.573438
                  125.02                       22.317778
                  125.28                       17.060171
                  125.54                       10.172936
                   125.8                       2.9259412
                  126.06                      -3.9182363
                  126.32                      -9.8930671
                  126.58                      -14.799875
                  126.84                        -18.7345
                   127.1                      -22.049821
                  127.36                      -25.187008
                  127.62                      -28.455444
                  127.88                      -31.920156
                  128.14                      -35.446825
               128.39999                      -38.831214
                  128.66                      -41.929825
                  128.92                      -44.738398
               129.17999                      -47.390259
                  129.44                      -50.076657
                   129.7                      -52.945335
               129.96001                      -56.051375
                  130.22                      -59.386478
                  130.48                      -62.951835
               130.74001                      -66.818815
                     131                      -71.137899
               131.25999                      -76.089623
                  131.52                      -81.818675
                  131.78                      -88.397513
               132.03999                      -95.840671
                   132.3                      -104.15995
                  132.56                      -113.43447
               132.82001                      -123.87997
                  133.08                      -135.88372
                  133.34                      -149.94692
               133.60001                      -166.42374
                  133.86                       174.99258
                  134.12                       155.63167
                  134.38                       137.30348
                  134.64                       121.22106
               134.89999                       107.66855
                  135.16                       96.390212
                  135.42                       86.970234
               135.67999                       78.990825
                  135.94                       72.079982
                   136.2                       65.935874
               136.46001                       60.349108
                  136.72                       55.207668
                  136.98                       50.476916
               137.24001                       46.158487
                   137.5                       42.246374
               137.75999                       38.697517
                  138.02                       35.431376
                  138.28                       32.356368
               138.53999                       29.406711
                   138.8                       26.564477
                  139.06                       23.853058
               139.32001                       21.309712
                  139.58                       18.951386
                  139.84                       16.756981
               140.10001                       14.672846
                  140.36                       12.642586
                  140.62                        10.63604
                  140.88                       8.6619514
                  141.14                       6.7562735
               141.39999                       4.9523387
                  141.66                       3.2572499
                  141.92                       1.6428115
               142.17999                     0.063125513
                  142.44                      -1.5186369
                   142.7                       -3.108377
               142.96001                      -4.6805229
                  143.22                      -6.1981366
                  143.48                      -7.6389241
               143.74001                       -9.010863
                     144                      -10.348268
               144.25999                      -11.688734
                  144.52                      -13.048871
                  144.78                      -14.413708
               145.03999                      -15.747944
                   145.3                       -17.01803
                  145.56                       -18.21457
               145.82001                      -19.356468
                  146.08                      -20.476073
                  146.34                      -21.594475
               146.60001                      -22.703588
                  146.86                      -23.766584
                  147.12                      -24.736908
                  147.38                      -25.582434
                  147.64                       -26.29911
               147.89999                       -26.90421
                  148.16                      -27.412816
                  148.42                      -27.813773
               148.67999                      -28.060314
                  148.94                      -28.085451
                   149.2                      -27.831039
               149.46001                      -27.274243
                  149.72                      -26.432543
                  149.98                      -25.343539
               150.24001                      -24.035529
                   150.5                      -22.512888
               150.75999                      -20.774197
                  151.02                      -18.848631
                  151.28                       -16.82449
               151.53999                      -14.837178
                   151.8                      -13.022424
                  152.06                      -11.468419
               152.32001                      -10.200955
                  152.58                      -9.2066978
                  152.84                       -8.469475
               153.10001                      -7.9916885
                  153.36                      -7.7895155
                  153.62                       -7.871368
                  153.88                      -8.2193252
                  154.14                      -8.7882533
               154.39999                      -9.5214329
                  154.66                      -10.372529
                  154.92                       -11.31914
               155.17999                       -12.36137
                  155.44                      -13.507641
                   155.7                      -14.758712
               155.96001                      -16.097757
                  156.22                      -17.496143
                  156.48                      -18.925785
               156.74001                      -20.373565
                     157                      -21.843969
               157.25999                      -23.353933
                  157.52                      -24.918101
                  157.78                      -26.538766
               158.03999                      -28.203587
                   158.3                      -29.894519
                  158.56                      -31.599335
               158.82001                      -33.320545
                  159.08                       -35.07421
                  159.34                       -36.88011
               159.60001                      -38.750925
                  159.86                      -40.685672
                  160.12                      -42.673095
                  160.38                      -44.701936
                  160.64                       -46.77088
               160.89999                      -48.892499
                  161.16                      -51.088104
                  161.42                      -53.378023
               161.67999                      -55.772308
                  161.94                      -58.269424
                   162.2                      -60.861724
               162.46001                      -63.546698
                  162.72                      -66.333965
                  162.98                      -69.245372
               163.24001                      -72.308794
                   163.5                      -75.548379
               163.75999                      -78.978009
                  164.02                      -82.602709
                  164.28                      -86.425866
               164.53999                      -90.459721
                   164.8                      -94.730939
                  165.06                      -99.280282
               165.32001                      -104.15627
                  165.58                      -109.40623
                  165.84                      -115.07201
               166.10001                      -121.19087
                  166.36                      -127.80294
                  166.62                      -134.95736
                  166.88                      -142.71526
                  167.14                      -151.13901
               167.39999                      -160.27278
                  167.66                       -170.1112
                  167.92                       179.43096
               168.17999                       168.53227
                  168.44                       157.45032
                   168.7                       146.47579
               168.96001                       135.86965
                  169.22                       125.81605
                  169.48                       116.40831
               169.74001                       107.66491
                     170                       99.560476
               170.25999                       92.054371
                  170.52                       85.106375
                  170.78                       78.681517
               171.03999                       72.745917
                   171.3                       67.261985
                  171.56                       62.186227
               171.82001                       57.473286
                  172.08                       53.081091
                  172.34                       48.977951
               172.60001                       45.143321
                  172.86                       41.564085
                  173.12                       38.226141
                  173.38                       35.109499
                  173.64                       32.185086
               173.89999                       29.421428
                  174.16                       26.791531
                  174.42                       24.279549
               174.67999                       21.881336
                  174.94                       19.597756
                   175.2                       17.426959
               175.46001                       15.358887
                  175.72                       13.375509
                  175.98                       11.457811
               176.24001                       9.5936607
                   176.5                        7.782076
               176.75999                       6.0303789
                  177.02                       4.3472015
                  177.28                       2.7341838
               177.53999                        1.183567
                   177.8                     -0.31798174
                  178.06                      -1.7809536
               178.32001                      -3.2062228
                  178.58                      -4.5835168
                  178.84                      -5.8974267
               179.10001                      -7.1363678
                  179.36                      -8.2972817
                  179.62                       -9.385632
                  179.88                      -10.408193
                  180.14                      -11.363328
               180.39999                      -12.236498
                  180.66                      -13.003556
                  180.92                      -13.639365
               181.17999                      -14.127423
                  181.44                      -14.461938
                   181.7                      -14.643019
               181.96001                      -14.666515
                  182.22                      -14.515487
                  182.48                      -14.162612
               182.74001                      -13.581007
                     183                      -12.759308
               183.25999                      -11.709099
                  183.52                      -10.463052
                  183.78                      -9.0601858
               184.03999                       -7.535143
                   184.3                      -5.9167695
                  184.56                      -4.2379636
               184.82001                      -2.5482296
                  185.08                     -0.91433922
                  185.34                      0.59354796
               185.60001                       1.9210089
                  185.86                       3.0422527
                  186.12                       3.9558587
                  186.38                       4.6711161
                  186.64                       5.1945817
               186.89999                       5.5247259
                  187.16                       5.6584884
                  187.42                       5.6004589
               187.67999                         5.36867
                  187.94                       4.9912063
                   188.2                       4.4972466
               188.46001                        3.907884
                  188.72                       3.2321868
                  188.98                       2.4714676
               189.24001                       1.6269282
                   189.5                      0.70621877
               189.75999                     -0.27568921
                  190.02                      -1.3005455
                  190.28                      -2.3552359
               190.53999                      -3.4352805
                   190.8                      -4.5445028
                  191.06                      -5.6894611
               191.32001                      -6.8719036
                  191.58                      -8.0871304
                  191.84                      -9.3250882
               192.10001                      -10.576379
                  192.36                      -11.838598
                  192.62                      -13.116117
                  192.88                      -14.418224
                  193.14                      -15.752242
               193.39999                      -17.119373
                  193.66                      -18.514699
                  193.92                      -19.931116
               194.17999                      -21.365675
                  194.44                      -22.821762
                   194.7                      -24.308666
               194.96001                      -25.836661
                  195.22                      -27.411212
                  195.48                      -29.031877
               195.74001                      -30.693526
                     196                      -32.392551
               196.25999                      -34.130916
                  196.52                        -35.9166
                  196.78                      -37.761077
               197.03999                      -39.673971
                   197.3                      -41.658768
                  197.56                      -43.713725
               197.82001                      -45.834694
                  198.08                      -48.021227
                  198.34                      -50.279015
               198.60001                       -52.61898
                  198.86                       -55.05162
                  199.12                       -57.58349
                  199.38                      -60.214589
                  199.64                      -62.938794
               199.89999                      -65.748462
                  200.16                      -68.639873
                  200.42                      -71.613464
               200.67999                      -74.673169
                  200.94                      -77.818335
                   201.2                       -81.04131
               201.46001                      -84.321987
                  201.72                      -87.631076
                  201.98                      -90.932517
               202.24001                      -94.190681
                   202.5                      -97.368194
               202.75999                      -100.41981
                  203.02                      -103.27472
                  203.28                      -105.79741
               203.53999                      -107.71096
                   203.8                      -108.38108
                  204.06                      -105.98057
               204.32001                      -92.503351
                  204.58                      -26.810045
                  204.84                        19.15833
               205.10001                       28.075714
                  205.36                       29.934402
                  205.62                       29.628191
                  205.88                       28.412963
                  206.14                       26.758091
               206.39999                       24.891644
                  206.66                       22.943675
                  206.92                       20.988603
               207.17999                       19.060195
                  207.44                       17.163916
                   207.7                       15.292004
               207.96001                       13.437582
                  208.22                        11.60436
                  208.48                       9.8059982
               208.74001                       8.0586709
                     209                         6.37156
               209.25999                       4.7414944
                  209.52                       3.1544862
                  209.78                       1.5957828
               210.03999                     0.057296177
                   210.3                       -1.457148
                  210.56                      -2.9347638
               210.82001                       -4.363639
                  211.08                      -5.7396216
                  211.34                      -7.0694872
               211.60001                       -8.366021
                  211.86                      -9.6390589
                  212.12                      -10.888274
                  212.38                      -12.102626
                  212.64                      -13.266273
               212.89999                      -14.367954
                  213.16                      -15.406471
                  213.42                      -16.388816
               213.67999                      -17.321656
                  213.94                      -18.201493
                   214.2                      -19.010735
               214.46001                      -19.720527
                  214.72                      -20.302897
                  214.98                      -20.738389
               215.24001                      -21.020559
                   215.5                      -21.147325
               215.75999                      -21.108641
                  216.02                      -20.876851
                  216.28                      -20.406279
               216.53999                      -19.646324
                   216.8                      -18.557319
                  217.06                      -17.120904
               217.32001                       -15.33511
                  217.58                      -13.199827
                  217.84                      -10.701509
               218.10001                      -7.8161086
                  218.36                      -4.5323726
                  218.62                      -0.8811172
                  218.88                       3.0513234
                  219.14                       7.1439722
               219.39999                         11.2811
                  219.66                       15.378012
                  219.92                       19.375804
               220.17999                        23.21426
                  220.44                        26.81437
                   220.7                       30.088709
               220.96001                        32.96919
                  221.22                       35.425329
                  221.48                       37.461051
               221.74001                       39.093957
                     222                       40.335198
               222.25999                       41.184433
                  222.52                       41.638284
                  222.78                       41.704726
               223.03999                       41.409336
                   223.3                       40.793417
                  223.56                       39.903963
               223.82001                       38.782502
                  224.08                       37.462033
                  224.34                       35.968024
               224.60001                        34.32441
                  224.86                       32.559927
                  225.12                       30.708123
                  225.38                       28.804416
                  225.64                       26.880813
               225.89999                       24.960494
                  226.16                       23.056673
                  226.42                       21.176459
               226.67999                       19.325752
                  226.94                       17.513402
                   227.2                       15.752196
               227.46001                       14.055141
                  227.72                       12.431414
                  227.98                       10.882545
               228.24001                       9.4036181
                   228.5                       7.9872007
               228.75999                       6.6290312
                  229.02                       5.3300929
                  229.28                       4.0958504
               229.53999                       2.9306748
                   229.8                        1.834129
                  230.06                      0.79900008
               230.32001                      -0.1862957
                  230.58                      -1.1307197
                  230.84                      -2.0382058
               231.10001                      -2.9061316
                  231.36                      -3.7300167
                  231.62                      -4.5088768
                  231.88                      -5.2483949
                  232.14                      -5.9592812
               232.39999                      -6.6522449
                  232.66                      -7.3322035
                  232.92                      -7.9970823
               233.17999                      -8.6404301
                  233.44                      -9.2574428
                   233.7                      -9.8497567
               233.96001                      -10.424913
                  234.22                      -10.992528
                  234.48                      -11.557522
               234.74001                       -12.11727
                     235                      -12.663576
               235.25999                      -13.188135
                  235.52                      -13.688323
                  235.78                      -14.168621
               236.03999                      -14.637446
                   236.3                      -15.100368
                  236.56                      -15.556079
               236.82001                      -15.995944
                  237.08                      -16.410236
                  237.34                      -16.793709
               237.60001                      -17.149097
                  237.86                      -17.484707
                  238.12                      -17.808949
                  238.38                      -18.123246
                  238.64                       -18.42148
               238.89999                      -18.694578
                  239.16                      -18.936641
                  239.42                      -19.150724
               239.67999                      -19.346779
                  239.94                      -19.536604
                   240.2                      -19.726209
               240.46001                      -19.913083
                  240.72                      -20.089794
                  240.98                      -20.251096
               241.24001                      -20.399174
                   241.5                      -20.544521
               241.75999                      -20.700469
                  242.02                      -20.874886
                  242.28                      -21.067112
               242.53999                      -21.269396
                   242.8                      -21.473646
                  243.06                      -21.678333
               243.32001                      -21.890451
                  243.58                      -22.120929
                  243.84                      -22.377089
               244.10001                      -22.657399
                  244.36                      -22.951917
                  244.62                      -23.249279
                  244.88                      -23.542811
                  245.14                      -23.834924
               245.39999                      -24.133704
                  245.66                      -24.445927
                  245.92                      -24.770386
               246.17999                       -25.09736
                  246.44                      -25.413408
                   246.7                      -25.708911
               246.96001                      -25.983538
                  247.22                      -26.244616
                  247.48                      -26.501212
               247.74001                      -26.755949
                     248                       -27.00304
               248.25999                      -27.232315
                  248.52                      -27.436455
                  248.78                      -27.618301
               249.03999                      -27.790971
                   249.3                       -27.97216
                  249.56                      -28.175645
               249.82001                      -28.407438
                  250.08                      -28.667747
                  250.34                      -28.957675
               250.60001                      -29.286834
                  250.86                      -29.673587
                  251.12                      -30.139351
                  251.38                      -30.700409
                  251.64                      -31.361793
               251.89999                      -32.118032
                  252.16                      -32.959403
                  252.42                      -33.878253
               252.67999                      -34.873603
                  252.94                      -35.947854
                   253.2                      -37.100132
               253.46001                      -38.322356
                  253.72                      -39.597471
                  253.98                      -40.904495
               254.24001                      -42.225727
                   254.5                       -43.55264
               254.75999                      -44.884802
                  255.02                      -46.226142
                  255.28                      -47.577097
               255.53999                      -48.931115
                   255.8                      -50.276171
                  256.06                      -51.601118
               256.32001                      -52.901806
               256.57999                       -54.18435
                  256.84                      -55.461211
               257.10001                      -56.743759
               257.35999                      -58.035267
                  257.62                      -59.330053
                  257.88                       -60.61806
               258.14001                      -61.893393
               258.39999                      -63.159983
                  258.66                      -64.430291
               258.92001                      -65.718518
               259.17999                      -67.031444
                  259.44                      -68.364043
               259.70001                      -69.702322
               259.95999                       -71.03164
                  260.22                      -72.347626
               260.48001                      -73.656838
               260.73999                      -74.972388
                     261                      -76.304328
               261.26001                      -77.648728
               261.51999                      -78.987444
                  261.78                      -80.296218
               262.04001                      -81.556907
               262.29999                      -82.766015
                  262.56                      -83.932939
               262.82001                      -85.067952
               263.07999                      -86.166465
                  263.34                      -87.201376
               263.60001                      -88.125254
               263.85999                       -88.88652
                  264.12                      -89.447798
                  264.38                      -89.790291
               264.64001                      -89.902852
               264.89999                      -89.751386
                  265.16                      -89.247591
               265.42001                       -88.23257
               265.67999                      -86.485135
                  265.94                      -83.748469
               266.20001                      -79.758545
               266.45999                      -74.240189
                  266.72                      -66.876263
               266.98001                      -57.336949
               267.23999                      -45.585089
                   267.5                      -32.459539
               267.76001                      -19.737466
               268.01999                      -9.0024844
                  268.28                     -0.69599173
               268.54001                       5.5895307
               268.79999                       10.444102
                  269.06                       14.298077
               269.32001                       17.380076
               269.57999                       19.807034
                  269.84                       21.684188
               270.10001                       23.150548
               270.35999                        24.36206
                  270.62                       25.445382
                  270.88                       26.459857
               271.14001                       27.394772
               271.39999                       28.205544
                  271.66                       28.862445
               271.92001                       29.378699
               272.17999                       29.803369
                  272.44                       30.187831
               272.70001                       30.552506
               272.95999                          30.875
                  273.22                       31.109742
               273.48001                       31.220336
               273.73999                       31.204052
                     274                       31.090944
               274.26001                       30.921228
               274.51999                       30.718399
                  274.78                       30.475677
               275.04001                       30.163898
               275.29999                       29.755614
                  275.56                         29.2457
               275.82001                       28.657212
               276.07999                       28.027849
                  276.34                       27.387669
               276.60001                       26.745086
               276.85999                       26.085782
                  277.12                       25.389978
                  277.38                       24.651439
               277.64001                       23.889081
               277.89999                       23.140712
                  278.16                       22.447965
               278.42001                       21.837403
               278.67999                       21.315905
                  278.94                       20.879974
               279.20001                       20.534093
               279.45999                       20.305801
                  279.72                       20.246025
               279.98001                       20.411589
               280.23999                       20.838775
                   280.5                       21.522559
               280.76001                       22.413325
               281.01999                       23.432172
                  281.28                       24.494183
               281.54001                       25.523411
               281.79999                       26.453298
                  282.06                       27.218826
               282.32001                       27.759231
               282.57999                       28.028942
                  282.84                       28.014408
               283.10001                       27.741527
               283.35999                       27.266365
                  283.62                       26.654272
                  283.88                       25.958576
               284.14001                       25.208564
               284.39999                       24.411128
                  284.66                       23.564293
               284.92001                        22.67309
               285.17999                        21.75544
                  285.44                       20.838885
               285.70001                       19.945823
               285.95999                        19.08369
                  286.22                       18.242209
               286.48001                       17.401714
               286.73999                       16.548323
                     287                       15.683349
               287.26001                       14.822417
               287.51999                       13.984652
                  287.78                       13.179457
               288.04001                        12.39994
               288.29999                       11.627418
                  288.56                       10.844513
               288.82001                       10.046093
               289.07999                       9.2440639
                  289.34                       8.4576637
               289.60001                       7.7012063
               289.85999                       6.9740376
                  290.12                       6.2606379
                  290.38                       5.5421017
               290.64001                       4.8090314
               290.89999                       4.0683116
                  291.16                       3.3387374
               291.42001                       2.6382335
               291.67999                       1.9719348
                  291.94                       1.3288044
               292.20001                      0.68927989
               292.45999                     0.039920175
                  292.72                      -0.6175265
               292.98001                      -1.2661213
               293.23999                       -1.884554
                   293.5                      -2.4618962
               293.76001                      -3.0041585
               294.01999                      -3.5293727
                  294.28                      -4.0545869
               294.54001                      -4.5819869
               294.79999                      -5.0969283
                  295.06                      -5.5756972
               295.32001                      -6.0013545
               295.57999                      -6.3743377
                  295.84                       -6.711476
               296.10001                      -7.0334235
               296.35999                      -7.3504536
                  296.62                      -7.6555723
                  296.88                      -7.9310746
               297.14001                      -8.1653774
               297.39999                      -8.3661299
                  297.66                      -8.5615291
               297.92001                      -8.7887272
               298.17999                      -9.0745033
                  298.44                      -9.4243173
               298.70001                      -9.8240748
               298.95999                      -10.254651
                  299.22                      -10.706645
               299.48001                      -11.186506
               299.73999                      -11.709099
                     300                       -12.28349

