        Frequency / MHz                S1,1 (Mesh Pass=2)/abs,dB
----------------------------------------------------------------------
                      40                     -0.18444733
               40.259998                      -0.1958787
                   40.52                     -0.20812503
               40.779999                     -0.22793369
               41.040001                     -0.26032549
               41.299999                     -0.30578644
               41.560001                     -0.36047676
                   41.82                     -0.41974762
               42.080002                     -0.48323426
                   42.34                     -0.55836108
               42.599998                     -0.65954226
               42.860001                     -0.80266819
               43.119999                      -0.9967567
               43.380001                      -1.2355191
               43.639999                      -1.4916733
               43.900002                       -1.717868
                   44.16                      -1.8587995
               44.419998                      -1.8741504
                   44.68                      -1.7597553
               44.939999                      -1.5495173
               45.200001                      -1.2964878
               45.459999                      -1.0495595
               45.720001                     -0.83993001
                   45.98                      -0.6789569
               46.240002                     -0.56271087
                    46.5                     -0.47902704
               46.759998                      -0.4144824
                   47.02                     -0.35948113
               47.279999                     -0.31023262
               47.540001                      -0.2675448
               47.799999                     -0.23379909
               48.060001                     -0.21004896
                   48.32                     -0.19469957
               48.580002                     -0.18411766
                   48.84                     -0.17447949
               49.099998                     -0.16363097
               49.360001                     -0.15186152
               49.619999                     -0.14123593
               49.880001                     -0.13400728
               50.139999                     -0.13112136
               50.400002                     -0.13166495
                   50.66                     -0.13347846
               50.919998                     -0.13447786
                   51.18                     -0.13387169
               51.439999                     -0.13253319
               51.700001                     -0.13236265
               51.959999                     -0.13508989
               52.220001                     -0.14126518
                   52.48                     -0.15003322
               52.740002                     -0.15976503
                      53                     -0.16914368
               53.259998                     -0.17801843
                   53.52                     -0.18753201
               53.779999                     -0.19949109
               54.040001                     -0.21539393
               54.299999                     -0.23571949
               54.560001                     -0.25987366
                   54.82                     -0.28678366
               55.080002                     -0.31575426
                   55.34                     -0.34707244
               55.599998                      -0.3820283
               55.860001                     -0.42236473
               56.119999                     -0.46950483
               56.380001                     -0.52397069
               56.639999                        -0.58527
               56.900002                     -0.65221943
                   57.16                     -0.72346211
               57.419998                     -0.79786874
                   57.68                     -0.87460925
               57.939999                     -0.95289935
               58.200001                      -1.0315947
               58.459999                      -1.1088895
               58.720001                      -1.1822923
                   58.98                      -1.2489267
               59.240002                      -1.3060735
                    59.5                      -1.3517608
               59.759998                      -1.3851927
                   60.02                      -1.4068353
               60.279999                      -1.4181145
               60.540001                      -1.4208139
               60.799999                      -1.4164155
               61.060001                      -1.4056752
                   61.32                      -1.3886156
               61.580002                      -1.3649594
                   61.84                      -1.3347476
               62.099998                      -1.2987849
               62.360001                       -1.258638
               62.619999                      -1.2161428
               62.880001                      -1.1727228
               63.139999                      -1.1289229
               63.400002                      -1.0844685
                   63.66                      -1.0388209
               63.919998                     -0.99189944
                   64.18                     -0.94451246
               64.440002                     -0.89820487
               64.699997                     -0.85460029
               64.959999                      -0.8146478
               65.220001                     -0.77824075
               65.480003                     -0.74444528
               65.739998                     -0.71221119
                      66                     -0.68110578
               66.260002                     -0.65162115
               66.519997                      -0.6248452
               66.779999                      -0.6017393
               67.040001                      -0.5824677
               67.300003                     -0.56625024
               67.559998                     -0.55180756
                   67.82                     -0.53813777
               68.080002                     -0.52510437
               68.339996                     -0.51346098
               68.599998                     -0.50429072
               68.860001                     -0.49823568
               69.120003                     -0.49502673
               69.379997                     -0.49362118
               69.639999                     -0.49285536
               69.900002                     -0.49219821
               70.160004                     -0.49209829
               70.419998                     -0.49369645
                   70.68                     -0.49809329
               70.940002                     -0.50566096
               71.199997                     -0.51583609
               71.459999                     -0.52753591
               71.720001                     -0.53992871
               71.980003                     -0.55305395
               72.239998                     -0.56788385
                    72.5                     -0.58580835
               72.760002                     -0.60786828
               73.019997                     -0.63425009
               73.279999                     -0.66437399
               73.540001                     -0.69750251
               73.800003                     -0.73349506
               74.059998                     -0.77323305
                   74.32                     -0.81843828
               74.580002                     -0.87103984
               74.839996                     -0.93250183
               75.099998                      -1.0035593
               75.360001                      -1.0845395
               75.620003                      -1.1760957
               75.879997                      -1.2799287
               76.139999                      -1.3990942
               76.400002                      -1.5377752
               76.660004                      -1.7007077
               76.919998                      -1.8926942
                   77.18                      -2.1185226
               77.440002                      -2.3834196
               77.699997                      -2.6937828
               77.959999                      -3.0577703
               78.220001                      -3.4852555
               78.480003                      -3.9867272
               78.739998                      -4.5707604
                      79                      -5.2394787
               79.260002                      -5.9810175
               79.519997                      -6.7580262
               79.779999                      -7.4940227
               80.040001                      -8.0694328
               80.300003                       -8.352444
               80.559998                      -8.2716937
                   80.82                      -7.8689503
               81.080002                       -7.265538
               81.339996                      -6.5861145
               81.599998                      -5.9157493
               81.860001                      -5.2981256
               82.120003                      -4.7491119
               82.379997                      -4.2698043
               82.639999                       -3.855142
               82.900002                      -3.4985269
               83.160004                      -3.1936546
               83.419998                      -2.9347013
                   83.68                      -2.7158842
               83.940002                      -2.5311683
               84.199997                       -2.374509
               84.459999                      -2.2405548
               84.720001                      -2.1253825
               84.980003                      -2.0267901
               85.239998                      -1.9438981
                    85.5                      -1.8762612
               85.760002                      -1.8229856
               86.019997                      -1.7823717
               86.279999                      -1.7522403
               86.540001                       -1.730736
               86.800003                      -1.7170716
               87.059998                      -1.7117141
                   87.32                      -1.7158971
               87.580002                      -1.7307532
               87.839996                       -1.756628
               88.099998                      -1.7930036
               88.360001                      -1.8390873
               88.620003                      -1.8946928
               88.879997                      -1.9608517
               89.139999                      -2.0397797
               89.400002                      -2.1342112
               89.660004                      -2.2465595
               89.919998                      -2.3784458
                   90.18                      -2.5309153
               90.440002                       -2.705229
               90.699997                      -2.9037449
               90.959999                      -3.1303394
               91.220001                      -3.3900669
               91.480003                      -3.6882159
               91.739998                      -4.0292587
                      92                       -4.416197
               92.260002                      -4.8505258
               92.519997                       -5.332558
               92.779999                      -5.8614559
               93.040001                      -6.4341807
               93.300003                      -7.0429053
               93.559998                      -7.6711173
                   93.82                      -8.2898659
               94.080002                      -8.8569626
               94.339996                      -9.3226475
               94.599998                      -9.6427781
               94.860001                      -9.7941454
               95.120003                      -9.7817537
               95.379997                      -9.6332418
               95.639999                      -9.3864816
               95.900002                      -9.0793837
               96.160004                      -8.7451055
               96.419998                      -8.4106099
                   96.68                      -8.0960947
               96.940002                      -7.8146153
               97.199997                      -7.5723985
               97.459999                      -7.3703192
               97.720001                      -7.2063812
               97.980003                      -7.0784022
               98.239998                      -6.9858674
                    98.5                      -6.9303022
               98.760002                      -6.9142773
               99.019997                      -6.9399165
               99.279999                      -7.0079689
               99.540001                      -7.1180862
               99.800003                      -7.2702285
                  100.06                      -7.4664398
                  100.32                      -7.7120107
                  100.58                      -8.0154445
                  100.84                      -8.3874263
                   101.1                      -8.8396749
                  101.36                      -9.3847751
                  101.62                      -10.037688
                  101.88                      -10.819067
                  102.14                      -11.759929
                   102.4                      -12.907082
                  102.66                      -14.328694
                  102.92                      -16.116599
                  103.18                      -18.358549
                  103.44                       -20.90871
                   103.7                      -22.426353
                  103.96                      -20.986237
                  104.22                      -18.174636
                  104.48                      -15.579378
                  104.74                       -13.43588
                     105                      -11.672987
                  105.26                       -10.20629
                  105.52                      -8.9734807
                  105.78                      -7.9301738
                  106.04                      -7.0429486
                   106.3                      -6.2847686
                  106.56                      -5.6328906
                  106.82                      -5.0684302
                  107.08                       -4.576576
                  107.34                      -4.1465522
                   107.6                      -3.7708323
                  107.86                      -3.4437112
                  108.12                      -3.1598114
                  108.38                      -2.9132081
                  108.64                      -2.6975265
                   108.9                      -2.5068513
                  109.16                      -2.3368059
                  109.42                      -2.1850586
                  109.68                      -2.0508602
                  109.94                      -1.9338503
                   110.2                      -1.8328564
                  110.46                      -1.7454077
                  110.72                      -1.6682714
                  110.98                      -1.5986551
                  111.24                      -1.5352833
                   111.5                      -1.4786025
                  111.76                      -1.4299425
                  112.02                      -1.3901484
                  112.28                      -1.3585926
                  112.54                      -1.3331967
                   112.8                      -1.3115026
                  113.06                      -1.2920869
                  113.32                      -1.2753802
                  113.58                      -1.2632921
                  113.84                      -1.2578582
                   114.1                      -1.2597993
                  114.36                      -1.2679507
                  114.62                      -1.2799932
                  114.88                      -1.2940498
                  115.14                      -1.3101058
                   115.4                      -1.3302689
                  115.66                      -1.3576299
                  115.92                      -1.3944626
                  116.18                      -1.4409461
                  116.44                      -1.4953269
                   116.7                      -1.5555027
                  116.96                      -1.6210654
                  117.22                      -1.6944793
                  117.48                      -1.7805153
                  117.74                       -1.884286
                     118                      -2.0091714
                  118.26                      -2.1560681
                  118.52                       -2.324667
                  118.78                      -2.5162189
                  119.04                      -2.7362633
                   119.3                      -2.9957175
                  119.56                      -3.3097806
                  119.82                      -3.6956964
                  120.08                      -4.1714001
                  120.34                       -4.756982
                   120.6                      -5.4799289
                  120.86                      -6.3838675
                  121.12                      -7.5393606
                  121.38                      -9.0533252
                  121.64                      -11.057643
                   121.9                      -13.533912
                  122.16                      -15.311169
                  122.42                      -13.924466
                  122.68                      -10.889872
                  122.94                      -8.1993652
                   123.2                      -6.1334558
                  123.46                      -4.6006242
                  123.72                       -3.497642
                  123.98                      -2.7462586
                  124.24                      -2.2878063
                   124.5                       -2.076219
                  124.76                      -2.0737235
                  125.02                      -2.2487852
                  125.28                      -2.5754136
                  125.54                      -3.0327425
                   125.8                      -3.6037935
                  126.06                      -4.2724525
                  126.32                      -5.0183707
                  126.58                      -5.8105757
                  126.84                      -6.6023263
                   127.1                      -7.3319233
                  127.36                       -7.934341
                  127.62                      -8.3621792
                  127.88                      -8.6029045
                  128.14                      -8.6782351
               128.39999                      -8.6279949
                  128.66                      -8.4937138
                  128.92                      -8.3110894
               129.17999                      -8.1090289
                  129.44                       -7.909876
                   129.7                      -7.7286687
               129.96001                      -7.5724403
                  130.22                      -7.4411766
                  130.48                      -7.3309435
               130.74001                      -7.2381267
                     131                       -7.162803
               131.25999                       -7.109605
                  131.52                      -7.0858809
                  131.78                      -7.0985924
               132.03999                      -7.1518881
                   132.3                       -7.246635
                  132.56                      -7.3819738
               132.82001                      -7.5579572
                  133.08                      -7.7777948
                  133.34                      -8.0486258
               133.60001                      -8.3806493
                  133.86                      -8.7855187
                  134.12                      -9.2753056
                  134.38                      -9.8630676
                  134.64                      -10.565324
               134.89999                      -11.406125
                  135.16                      -12.422157
                  135.42                      -13.668707
               135.67999                      -15.226845
                  135.94                      -17.208744
                   136.2                      -19.722976
               136.46001                      -22.513213
                  136.72                      -23.537704
                  136.98                      -21.222011
               137.24001                      -18.173523
                   137.5                      -15.594179
               137.75999                      -13.511628
                  138.02                      -11.810869
                  138.28                      -10.399519
               138.53999                      -9.2137565
                   138.8                      -8.2086697
                  139.06                      -7.3508176
               139.32001                      -6.6139873
                  139.58                      -5.9771459
                  139.84                      -5.4235636
               140.10001                      -4.9402955
                  140.36                      -4.5175133
                  140.62                      -4.1475877
                  140.88                       -3.824109
                  141.14                      -3.5411455
               141.39999                      -3.2930003
                  141.66                      -3.0743985
                  141.92                      -2.8809016
               142.17999                      -2.7091889
                  142.44                      -2.5569872
                   142.7                      -2.4226507
               142.96001                      -2.3046388
                  143.22                      -2.2011665
                  143.48                      -2.1102214
               143.74001                      -2.0298748
                     144                      -1.9586728
               144.25999                      -1.8958172
                  144.52                      -1.8410224
                  144.78                      -1.7941384
               145.03999                      -1.7547825
                   145.3                      -1.7222015
                  145.56                      -1.6954474
               145.82001                      -1.6737159
                  146.08                      -1.6566335
                  146.34                      -1.6442846
               146.60001                      -1.6369841
                  146.86                      -1.6349324
                  147.12                      -1.6379994
                  147.38                       -1.645758
                  147.64                      -1.6577387
               147.89999                      -1.6737292
                  148.16                      -1.6939248
                  148.42                      -1.7188183
               148.67999                      -1.7489359
                  148.94                      -1.7845771
                   149.2                      -1.8257403
               149.46001                      -1.8722778
                  149.72                      -1.9241698
                  149.98                      -1.9817316
               150.24001                      -2.0456286
                   150.5                      -2.1166951
               150.75999                      -2.1956851
                  151.02                       -2.283121
                  151.28                      -2.3793492
               151.53999                      -2.4847506
                   151.8                       -2.599985
                  152.06                      -2.7260967
               152.32001                      -2.8644377
                  152.58                      -3.0164641
                  152.84                       -3.183543
               153.10001                      -3.3669133
                  153.36                      -3.5678199
                  153.62                      -3.7877454
                  153.88                      -4.0285965
                  154.14                      -4.2927324
               154.39999                      -4.5828222
                  154.66                       -4.901636
                  154.92                      -5.2518946
               155.17999                      -5.6362665
                  155.44                      -6.0574983
                   155.7                      -6.5185558
               155.96001                      -7.0226047
                  156.22                      -7.5727091
                  156.48                      -8.1711844
               156.74001                      -8.8185981
                     157                      -9.5123898
               157.25999                      -10.244935
                  157.52                      -11.000778
                  157.78                       -11.75285
               158.03999                      -12.458386
                   158.3                      -13.057486
                  158.56                      -13.480208
               158.82001                      -13.666795
                  159.08                      -13.594159
                  159.34                       -13.28827
               159.60001                      -12.810454
                  159.86                      -12.230531
                  160.12                      -11.606961
                  160.38                      -10.980357
                  160.64                      -10.375488
               160.89999                      -9.8058176
                  161.16                      -9.2776434
                  161.42                       -8.793014
               161.67999                      -8.3515877
                  161.94                       -7.951743
                   162.2                      -7.5912243
               162.46001                      -7.2674958
                  162.72                      -6.9779443
                  162.98                      -6.7200175
               163.24001                      -6.4913553
                   163.5                      -6.2899365
               163.75999                      -6.1141918
                  164.02                      -5.9630303
                  164.28                      -5.8357516
               164.53999                      -5.7318876
                   164.8                      -5.6510847
                  165.06                      -5.5931311
               165.32001                      -5.5581896
                  165.58                      -5.5471425
                  165.84                      -5.5619032
               166.10001                      -5.6055467
                  166.36                       -5.682231
                  166.62                      -5.7970825
                  166.88                      -5.9563293
                  167.14                      -6.1679006
               167.39999                      -6.4425639
                  167.66                      -6.7953782
                  167.92                      -7.2471225
               168.17999                      -7.8254567
                  168.44                      -8.5658865
                   168.7                      -9.5130489
               168.96001                      -10.723088
                  169.22                      -12.267554
                  169.48                      -14.235793
               169.74001                      -16.710483
                     170                      -19.559698
               170.25999                        -21.5431
                  170.52                      -20.694509
                  170.78                      -18.384994
               171.03999                       -16.24943
                   171.3                      -14.551569
                  171.56                      -13.211041
               171.82001                      -12.127855
                  172.08                      -11.227408
                  172.34                      -10.458842
               172.60001                      -9.7876703
                  172.86                      -9.1894652
                  173.12                      -8.6458748
                  173.38                      -8.1429311
                  173.64                      -7.6707486
               173.89999                      -7.2234636
                  174.16                      -6.7985939
                  174.42                      -6.3957064
               174.67999                      -6.0149138
                  174.94                      -5.6558479
                   175.2                      -5.3174425
               175.46001                      -4.9983662
                  175.72                      -4.6976457
                  175.98                      -4.4149933
               176.24001                      -4.1506336
                   176.5                      -3.9047833
               176.75999                      -3.6771491
                  177.02                      -3.4667368
                  177.28                      -3.2720889
               177.53999                      -3.0917489
                   177.8                      -2.9246792
                  178.06                       -2.770357
               178.32001                      -2.6285458
                  178.58                      -2.4989056
                  178.84                      -2.3807137
               179.10001                      -2.2728701
                  179.36                      -2.1741691
                  179.62                      -2.0836541
                  179.88                      -2.0008173
                  180.14                      -1.9255337
               180.39999                      -1.8577675
                  180.66                      -1.7972735
                  180.92                      -1.7434719
               181.17999                      -1.6955753
                  181.44                      -1.6528795
                   181.7                      -1.6150086
               181.96001                      -1.5819626
                  182.22                      -1.5539349
                  182.48                      -1.5310257
               182.74001                      -1.5130502
                     183                      -1.4995609
               183.25999                      -1.4900592
                  183.52                       -1.484259
                  183.78                      -1.4822193
               184.03999                      -1.4842544
                   184.3                      -1.4906979
                  184.56                      -1.5016718
               184.82001                      -1.5170143
                  185.08                       -1.536424
                  185.34                       -1.559703
               185.60001                      -1.5869496
                  185.86                      -1.6185611
                  186.12                      -1.6550579
                  186.38                      -1.6968402
                  186.64                      -1.7440469
               186.89999                      -1.7966146
                  187.16                      -1.8544879
                  187.42                      -1.9178483
               187.67999                      -1.9871996
                  187.94                      -2.0632597
                   188.2                      -2.1467293
               188.46001                         -2.2381
                  188.72                      -2.3376157
                  188.98                      -2.4454359
               189.24001                      -2.5618682
                   189.5                      -2.6875284
               189.75999                       -2.823311
                  190.02                      -2.9701721
                  190.28                      -3.1288877
               190.53999                       -3.299913
                   190.8                        -3.48345
                  191.06                      -3.6796532
               191.32001                      -3.8888354
                  191.58                      -4.1114887
                  191.84                      -4.3480793
               192.10001                      -4.5987132
                  192.36                      -4.8628212
                  192.62                      -5.1390688
                  192.88                      -5.4254672
                  193.14                      -5.7195825
               193.39999                      -6.0186062
                  193.66                      -6.3191712
                  193.92                      -6.6169592
               194.17999                      -6.9063471
                  194.44                      -7.1804167
                   194.7                      -7.4314713
               194.96001                      -7.6519266
                  195.22                      -7.8352059
                  195.48                      -7.9762962
               195.74001                      -8.0718804
                     196                      -8.1203175
               196.25999                      -8.1217647
                  196.52                      -8.0784565
                  196.78                      -7.9948375
               197.03999                      -7.8771987
                   197.3                       -7.732768
                  197.56                      -7.5686285
               197.82001                      -7.3909272
                  198.08                      -7.2046599
                  198.34                      -7.0139197
               198.60001                      -6.8222825
                  198.86                      -6.6330012
                  199.12                      -6.4489047
                  199.38                      -6.2721331
                  199.64                      -6.1039768
               199.89999                      -5.9449541
                  200.16                      -5.7951461
                  200.42                      -5.6545854
               200.67999                       -5.523482
                  200.94                      -5.4022036
                   201.2                      -5.2910405
               201.46001                      -5.1899846
                  201.72                      -5.0986544
                  201.98                      -5.0164547
               202.24001                      -4.9428483
                   202.5                      -4.8775799
               202.75999                      -4.8206988
                  203.02                      -4.7723899
                  203.28                       -4.732724
               203.53999                      -4.7015123
                   203.8                      -4.6783502
                  204.06                      -4.6628297
               204.32001                      -4.6547714
                  204.58                      -4.6543303
                  204.84                      -4.6619024
               205.10001                      -4.6779047
                  205.36                      -4.7025811
                  205.62                        -4.73596
                  205.88                      -4.7780089
                  206.14                      -4.8288711
               206.39999                      -4.8890464
                  206.66                      -4.9593958
                  206.92                      -5.0409864
               207.17999                      -5.1348765
                  207.44                      -5.2420186
                   207.7                      -5.3633383
               207.96001                      -5.4999647
                  208.22                      -5.6534961
                  208.48                      -5.8261403
               208.74001                      -6.0206761
                     209                      -6.2403107
               209.25999                      -6.4885577
                  209.52                      -6.7692729
                  209.78                      -7.0868962
               210.03999                      -7.4468187
                   210.3                      -7.8557253
                  210.56                      -8.3217941
               210.82001                        -8.85468
                  211.08                       -9.465278
                  211.34                      -10.165222
               211.60001                      -10.965775
                  211.86                      -11.875141
                  212.12                      -12.891848
                  212.38                      -13.989462
                  212.64                      -15.085956
               212.89999                      -16.001785
                  213.16                      -16.465604
                  213.42                      -16.276069
               213.67999                      -15.505003
                  213.94                      -14.420145
                   214.2                      -13.260544
               214.46001                      -12.156604
                  214.72                      -11.159756
                  214.98                      -10.281815
               215.24001                      -9.5179035
                   215.5                      -8.8571319
               215.75999                      -8.2870815
                  216.02                       -7.795562
                  216.28                      -7.3712756
               216.53999                      -7.0040978
                   216.8                      -6.6852421
                  217.06                      -6.4073302
               217.32001                      -6.1643265
                  217.58                      -5.9513253
                  217.84                      -5.7642413
               218.10001                      -5.5995257
                  218.36                      -5.4540069
                  218.62                      -5.3249019
                  218.88                      -5.2099313
                  219.14                      -5.1074025
               219.39999                      -5.0161691
                  219.66                      -4.9354451
                  219.92                       -4.864551
               220.17999                      -4.8027382
                  220.44                      -4.7491603
                   220.7                       -4.703015
               220.96001                      -4.6637051
                  221.22                      -4.6309347
                  221.48                      -4.6046279
               221.74001                      -4.5847355
                     222                      -4.5710391
               222.25999                      -4.5630865
                  222.52                      -4.5602899
                  222.78                      -4.5621363
               223.03999                      -4.5683394
                   223.3                      -4.5788599
                  223.56                      -4.5937588
               223.82001                      -4.6129826
                  224.08                      -4.6362429
                  224.34                      -4.6630485
               224.60001                      -4.6928931
                  224.86                      -4.7254513
                  225.12                      -4.7606507
                  225.38                      -4.7985709
                  225.64                      -4.8392236
               225.89999                      -4.8823815
                  226.16                      -4.9275464
                  226.42                      -4.9741119
               226.67999                      -5.0215822
                  226.94                      -5.0697006
                   227.2                      -5.1184016
               227.46001                      -5.1675954
                  227.72                      -5.2169561
                  227.98                      -5.2658504
               228.24001                      -5.3134596
                   228.5                      -5.3590315
               228.75999                      -5.4020681
                  229.02                      -5.4423364
                  229.28                      -5.4796716
               229.53999                      -5.5137498
                   229.8                      -5.5439683
                  230.06                      -5.5695489
               230.32001                      -5.5897959
                  230.58                      -5.6043341
                  230.84                      -5.6131542
               231.10001                      -5.6164504
                  231.36                      -5.6143542
                  231.62                      -5.6067741
                  231.88                      -5.5934487
                  232.14                      -5.5741853
               232.39999                      -5.5490988
                  232.66                      -5.5186809
                  232.92                       -5.483642
               233.17999                      -5.4446318
                  233.44                      -5.4020336
                   233.7                      -5.3559757
               233.96001                      -5.3065193
                  234.22                      -5.2539123
                  234.48                      -5.1986762
               234.74001                       -5.141496
                     235                      -5.0829619
               235.25999                      -5.0233433
                  235.52                      -4.9625785
                  235.78                      -4.9004229
               236.03999                      -4.8367079
                   236.3                      -4.7714814
                  236.56                      -4.7049531
               236.82001                      -4.6372723
                  237.08                      -4.5683246
                  237.34                      -4.4976634
               237.60001                      -4.4246612
                  237.86                      -4.3487498
                  238.12                      -4.2696243
                  238.38                      -4.1872473
                  238.64                      -4.1016931
               238.89999                      -4.0129521
                  239.16                      -3.9208587
                  239.42                      -3.8251946
               239.67999                      -3.7259338
                  239.94                      -3.6234413
                   240.2                      -3.5185186
               240.46001                       -3.412262
                  240.72                      -3.3058396
                  240.98                      -3.2003288
               241.24001                      -3.0967171
                   241.5                      -2.9960113
               241.75999                      -2.8993767
                  242.02                      -2.8081493
                  242.28                      -2.7237002
               242.53999                      -2.6472145
                   242.8                      -2.5795019
                  243.06                      -2.5209557
               243.32001                      -2.4716591
                  243.58                      -2.4315738
                  243.84                      -2.4006747
               244.10001                      -2.3789642
                  244.36                      -2.3663608
                  244.62                      -2.3625658
                  244.88                      -2.3670095
                  245.14                      -2.3789325
               245.39999                      -2.3975726
                  245.66                      -2.4223428
                  245.92                      -2.4528998
               246.17999                      -2.4890554
                  246.44                      -2.5306117
                   246.7                      -2.5772272
               246.96001                      -2.6284086
                  247.22                      -2.6836473
                  247.48                      -2.7426001
               247.74001                      -2.8051954
                     248                      -2.8715933
               248.25999                      -2.9420149
                  248.52                      -3.0165549
                  248.78                      -3.0951091
               249.03999                      -3.1774596
                   249.3                      -3.2634673
                  249.56                       -3.353231
               249.82001                      -3.4471122
                  250.08                      -3.5455959
                  250.34                      -3.6490711
               250.60001                      -3.7576988
                  250.86                      -3.8714334
                  251.12                      -3.9902078
                  251.38                      -4.1141438
                  251.64                      -4.2436497
               251.89999                      -4.3793302
                  252.16                      -4.5217625
                  252.42                      -4.6712883
               252.67999                      -4.8279609
                  252.94                      -4.9916934
                   253.2                      -5.1625066
               253.46001                      -5.3407108
                  253.72                       -5.526889
                  253.98                      -5.7216795
               254.24001                      -5.9254985
                   254.5                      -6.1383849
               254.75999                      -6.3600818
                  255.02                      -6.5903039
                  255.28                      -6.8290136
               255.53999                       -7.076516
                   255.8                      -7.3332697
                  256.06                      -7.5995564
               256.32001                      -7.8751935
               256.57999                      -8.1595314
                  256.84                      -8.4517369
               257.10001                      -8.7512068
               257.35999                      -9.0578254
                  257.62                      -9.3718717
                  257.88                      -9.6936308
               258.14001                      -10.022962
               258.39999                      -10.359154
                  258.66                      -10.701213
               258.92001                      -11.048422
               259.17999                      -11.400812
                  259.44                      -11.759176
               259.70001                      -12.124596
               259.95999                      -12.497783
                  260.22                      -12.878715
               260.48001                      -13.266889
               260.73999                      -13.662067
                     261                      -14.065017
               261.26001                       -14.47767
               261.51999                      -14.902502
                  261.78                      -15.341488
               262.04001                      -15.795333
               262.29999                      -16.263554
                  262.56                      -16.745368
               262.82001                      -17.240694
               263.07999                      -17.750293
                  263.34                        -18.2745
               263.60001                      -18.810911
               263.85999                      -19.352175
                  264.12                      -19.885101
                  264.38                      -20.391531
               264.64001                      -20.850116
               264.89999                       -21.23754
                  265.16                      -21.528705
               265.42001                      -21.697871
               265.67999                      -21.723755
                  265.94                      -21.598131
               266.20001                      -21.332012
               266.45999                      -20.953207
                  266.72                      -20.496435
               266.98001                      -19.993317
               267.23999                      -19.467774
                   267.5                      -18.936833
               267.76001                      -18.413555
               268.01999                      -17.909125
                  268.28                      -17.433097
               268.54001                      -16.992549
               268.79999                      -16.591433
                  269.06                      -16.230981
               269.32001                      -15.911072
               269.57999                      -15.631859
                  269.84                      -15.394779
               270.10001                       -15.20249
               270.35999                      -15.057896
                  270.62                      -14.962924
                  270.88                      -14.917712
               271.14001                      -14.920453
               271.39999                      -14.967649
                  271.66                       -15.05398
               271.92001                      -15.171103
               272.17999                      -15.305074
                  272.44                      -15.433133
               272.70001                      -15.521844
               272.95999                      -15.529617
                  273.22                      -15.415746
               273.48001                      -15.153926
               273.73999                       -14.74258
                     274                      -14.204623
               274.26001                      -13.577415
               274.51999                      -12.900636
                  274.78                      -12.208395
               275.04001                      -11.526468
               275.29999                       -10.87254
                  275.56                      -10.257423
               275.82001                      -9.6863718
               276.07999                       -9.160369
                  276.34                      -8.6774699
               276.60001                       -8.234176
               276.85999                      -7.8266347
                  277.12                       -7.451425
                  277.38                      -7.1057765
               277.64001                      -6.7873385
               277.89999                      -6.4937768
                  278.16                      -6.2225179
               278.42001                      -5.9708282
               278.67999                      -5.7361633
                  278.94                      -5.5165413
               279.20001                      -5.3107101
               279.45999                      -5.1179581
                  279.72                      -4.9377196
               279.98001                      -4.7691972
               280.23999                      -4.6112457
                   280.5                      -4.4625729
               280.76001                      -4.3221033
               281.01999                      -4.1892463
                  281.28                      -4.0638943
               281.54001                      -3.9461323
               281.79999                      -3.8358664
                  282.06                      -3.7326051
               282.32001                      -3.6355353
               282.57999                      -3.5438335
                  282.84                      -3.4570111
               283.10001                      -3.3750334
               283.35999                      -3.2981534
                  283.62                      -3.2265626
                  283.88                      -3.1600897
               284.14001                       -3.098165
               284.39999                       -3.040056
                  284.66                      -2.9852312
               284.92001                      -2.9335799
               285.17999                      -2.8853669
                  285.44                      -2.8409232
               285.70001                      -2.8002971
               285.95999                      -2.7631074
                  286.22                      -2.7286912
               286.48001                       -2.696451
               286.73999                      -2.6661635
                     287                      -2.6380336
               287.26001                      -2.6124583
               287.51999                      -2.5896554
                  287.78                      -2.5694179
               288.04001                      -2.5511622
               288.29999                      -2.5342396
                  288.56                      -2.5183009
               288.82001                      -2.5034574
               289.07999                      -2.4901248
                  289.34                      -2.4786576
               289.60001                      -2.4690228
               289.85999                      -2.4607442
                  290.12                      -2.4531592
                  290.38                      -2.4458105
               290.64001                      -2.4387077
               290.89999                      -2.4322633
                  291.16                      -2.4269575
               291.42001                      -2.4229452
               291.67999                      -2.4199057
                  291.94                      -2.4172146
               292.20001                      -2.4143513
               292.45999                      -2.4112318
                  292.72                      -2.4082472
               292.98001                      -2.4059785
               293.23999                      -2.4047556
                   293.5                      -2.4044055
               293.76001                      -2.4043294
               294.01999                      -2.4038743
                  294.28                      -2.4027244
               294.54001                      -2.4010196
               294.79999                      -2.3991143
                  295.06                      -2.3971056
               295.32001                      -2.3944577
               295.57999                      -2.3899731
                  295.84                       -2.382113
               296.10001                      -2.3694627
               296.35999                      -2.3510173
                  296.62                      -2.3261424
                  296.88                      -2.2943023
               297.14001                      -2.2548686
               297.39999                      -2.2072679
                  297.66                      -2.1514613
               297.92001                      -2.0884742
               298.17999                      -2.0205827
                  298.44                      -1.9509469
               298.70001                      -1.8828285
               298.95999                      -1.8187793
                  299.22                      -1.7602185
               299.48001                      -1.7075311
               299.73999                      -1.6605614
                     300                      -1.6191342

