        Frequency / MHz                S1,1 (Mesh Pass=2)/arg,degrees
----------------------------------------------------------------------
                      40                      -1.7973955
               40.259998                      -2.8420175
                   40.52                      -3.9459616
               40.779999                      -5.1102812
               41.040001                      -6.3061034
               41.299999                       -7.493146
               41.560001                      -8.6472919
                   41.82                      -9.7797453
               42.080002                      -10.932605
                   42.34                      -12.147859
               42.599998                      -13.423723
               42.860001                      -14.681241
               43.119999                      -15.758948
               43.380001                      -16.442688
               43.639999                      -16.531249
               43.900002                      -15.931354
                   44.16                      -14.750079
               44.419998                      -13.314462
                   44.68                      -12.061395
               44.939999                      -11.349903
               45.200001                      -11.332982
               45.459999                      -11.958866
               45.720001                      -13.054552
                   45.98                      -14.417855
               46.240002                      -15.881644
                    46.5                      -17.344816
               46.759998                      -18.774307
                   47.02                      -20.185103
               47.279999                      -21.609555
               47.540001                      -23.070419
               47.799999                      -24.568535
               48.060001                      -26.087172
                   48.32                      -27.606349
               48.580002                       -29.11716
                   48.84                      -30.628064
               49.099998                      -32.160567
               49.360001                       -33.73788
               49.619999                      -35.373837
               49.880001                      -37.068604
               50.139999                      -38.812929
               50.400002                      -40.597614
                   50.66                      -42.422334
               50.919998                      -44.298742
                   51.18                      -46.246431
               51.439999                      -48.284699
               51.700001                      -50.425208
               51.959999                      -52.670262
               52.220001                       -55.01694
                   52.48                      -57.464848
               52.740002                      -60.022131
                      53                      -62.706915
               53.259998                      -65.543064
                   53.52                      -68.553496
               53.779999                      -71.755275
               54.040001                      -75.158963
               54.299999                      -78.772824
               54.560001                      -82.608822
                   54.82                      -86.687013
               55.080002                      -91.035459
                   55.34                      -95.686401
               55.599998                      -100.67029
               55.860001                      -106.01135
               56.119999                      -111.72644
               56.380001                      -117.82642
               56.639999                      -124.31903
               56.900002                      -131.20993
                   57.16                      -138.50076
               57.419998                      -146.18427
                   57.68                       -154.2387
               57.939999                      -162.62283
               58.200001                      -171.27463
               58.459999                       179.88657
               58.720001                       170.95431
                   58.98                        162.0274
               59.240002                        153.2016
                    59.5                       144.56329
               59.759998                        136.1857
                   60.02                       128.12756
               60.279999                       120.43423
               60.540001                        113.1388
               60.799999                       106.26268
               61.060001                       99.814817
                   61.32                        93.79059
               61.580002                       88.172022
                   61.84                       82.930671
               62.099998                       78.032715
               62.360001                       73.445342
               62.619999                       69.141094
               62.880001                        65.09847
               63.139999                        61.29938
               63.400002                       57.724678
                   63.66                       54.351357
               63.919998                       51.153407
                   64.18                       48.105641
               64.440002                       45.188577
               64.699997                       42.390956
               64.959999                       39.708334
               65.220001                       37.138409
               65.480003                       34.675798
               65.739998                       32.309653
                      66                       30.025391
               66.260002                       27.809105
               66.519997                       25.652323
               66.779999                       23.553159
               67.040001                       21.513938
               67.300003                       19.535999
               67.559998                        17.61554
                   67.82                       15.742838
               68.080002                       13.905736
               68.339996                       12.094643
               68.599998                       10.305926
               68.860001                       8.5416881
               69.120003                       6.8055085
               69.379997                       5.0975511
               69.639999                       3.4118061
               69.900002                       1.7373169
               70.160004                        0.062937
               70.419998                      -1.6179179
                   70.68                       -3.305603
               70.940002                      -4.9965115
               71.199997                      -6.6881038
               71.459999                      -8.3832748
               71.720001                      -10.091259
               71.980003                       -11.82468
               72.239998                      -13.594327
                    72.5                      -15.405638
               72.760002                      -17.258723
               73.019997                      -19.152242
               73.279999                       -21.08852
               73.540001                      -23.076597
               73.800003                      -25.131417
               74.059998                       -27.26995
                   74.32                      -29.506509
               74.580002                      -31.850523
               74.839996                      -34.308571
               75.099998                      -36.889014
               75.360001                      -39.606771
               75.620003                      -42.485536
               75.879997                      -45.556222
               76.139999                      -48.853019
               76.400002                      -52.410048
               76.660004                      -56.260798
               76.919998                      -60.441639
                   77.18                      -64.997566
               77.440002                      -69.988383
               77.699997                      -75.492644
               77.959999                      -81.609351
               78.220001                      -88.458336
               78.480003                       -96.18246
               78.739998                      -104.95349
                      79                      -114.98113
               79.260002                      -126.51804
               79.519997                      -139.83931
               79.779999                      -155.15111
               80.040001                      -172.38144
               80.300003                       169.08667
               80.559998                       150.42982
                   80.82                       132.90601
               81.080002                       117.29132
               81.339996                        103.7682
               81.599998                       92.163384
               81.860001                       82.185625
               82.120003                       73.544724
               82.379997                       65.989553
               82.639999                        59.31356
               82.900002                        53.35168
               83.160004                       47.977197
               83.419998                       43.095577
                   83.68                       38.637375
               83.940002                       34.547897
               84.199997                       30.779053
               84.459999                       27.283745
               84.720001                       24.016235
               84.980003                       20.936149
               85.239998                         18.0125
                    85.5                       15.225675
               85.760002                       12.564031
               86.019997                       10.018502
               86.279999                       7.5765182
               86.540001                       5.2201022
               86.800003                       2.9282735
               87.059998                      0.68261641
                   87.32                      -1.5283978
               87.580002                      -3.7082116
               87.839996                      -5.8561148
               88.099998                      -7.9730913
               88.360001                      -10.065751
               88.620003                      -12.146501
               88.879997                      -14.229543
               89.139999                      -16.325046
               89.400002                      -18.434919
               89.660004                      -20.554027
               89.919998                      -22.674171
                   90.18                      -24.789673
               90.440002                      -26.899545
               90.699997                      -29.005266
               90.959999                      -31.104375
               91.220001                      -33.183266
               91.480003                      -35.213195
               91.739998                      -37.150512
                      92                      -38.940679
               92.260002                      -40.521839
               92.519997                      -41.825203
               92.779999                      -42.769955
               93.040001                      -43.255716
               93.300003                      -43.158128
               93.559998                      -42.337361
                   93.82                      -40.668878
               94.080002                      -38.097667
               94.339996                      -34.701315
               94.599998                      -30.722266
               94.860001                       -26.52793
               95.120003                       -22.50544
               95.379997                      -18.959096
               95.639999                      -16.067849
               95.900002                      -13.900384
               96.160004                      -12.448122
               96.419998                      -11.652049
                   96.68                      -11.420533
               96.940002                      -11.646313
               97.199997                      -12.223818
               97.459999                      -13.065954
               97.720001                      -14.113322
               97.980003                      -15.332812
               98.239998                       -16.70781
                    98.5                      -18.224384
               98.760002                      -19.861937
               99.019997                       -21.59227
               99.279999                       -23.38637
               99.540001                      -25.223744
               99.800003                       -27.09855
                  100.06                      -29.016356
                  100.32                      -30.984492
                  100.58                      -32.999776
                  100.84                      -35.040201
                   101.1                      -37.064832
                  101.36                      -39.018541
                  101.62                      -40.837174
                  101.88                      -42.441286
                  102.14                      -43.710551
                   102.4                      -44.425154
                  102.66                      -44.145884
                  102.92                      -41.953939
                  103.18                      -35.819174
                  103.44                      -21.295291
                   103.7                       6.5619888
                  103.96                       35.909617
                  104.22                       52.069518
                  104.48                       58.885065
                  104.74                       61.170007
                     105                       61.163232
                  105.26                       59.883471
                  105.52                       57.850045
                  105.78                       55.365492
                  106.04                       52.626094
                   106.3                       49.764574
                  106.56                        46.86699
                  106.82                       43.982629
                  107.08                       41.134332
                  107.34                       38.331055
                   107.6                       35.579529
                  107.86                       32.891056
                  108.12                       30.281486
                  108.38                       27.765462
                  108.64                       25.349488
                   108.9                       23.028263
                  109.16                        20.78747
                  109.42                       18.610826
                  109.68                       16.488604
                  109.94                       14.420749
                   110.2                       12.414477
                  110.46                       10.476123
                  110.72                       8.6039418
                  110.98                       6.7859094
                  111.24                       5.0042137
                   111.5                       3.2441014
                  111.76                       1.5003267
                  112.02                     -0.22170066
                  112.28                      -1.9125276
                  112.54                      -3.5677282
                   112.8                      -5.1938594
                  113.06                       -6.807314
                  113.32                      -8.4262336
                  113.58                      -10.060998
                  113.84                      -11.709914
                   114.1                      -13.362384
                  114.36                      -15.009061
                  114.62                      -16.651147
                  114.88                      -18.303289
                  115.14                      -19.987558
                   115.4                      -21.722044
                  115.66                      -23.512153
                  115.92                      -25.350074
                  116.18                      -27.224171
                  116.44                      -29.131103
                   116.7                      -31.084594
                  116.96                      -33.113051
                  117.22                      -35.247676
                  117.48                      -37.509342
                  117.74                      -39.901931
                     118                      -42.418777
                  118.26                      -45.057958
                  118.52                      -47.838449
                  118.78                      -50.805533
                  119.04                      -54.023702
                   119.3                      -57.559226
                  119.56                      -61.466423
                  119.82                      -65.788565
                  120.08                      -70.577621
                  120.34                      -75.928447
                   120.6                      -82.020975
                  120.86                      -89.167211
                  121.12                      -97.889909
                  121.38                       -109.1194
                  121.64                      -124.76561
                   121.9                      -149.20092
                  122.16                       170.93264
                  122.42                       125.97393
                  122.68                       95.122785
                  122.94                       74.615934
                   123.2                       58.878196
                  123.46                       45.527961
                  123.72                       33.612398
                  123.98                       22.740593
                  124.24                        12.75737
                   124.5                       3.6099434
                  124.76                       -4.711085
                  125.02                      -12.200032
                  125.28                      -18.846189
                  125.54                      -24.629009
                   125.8                      -29.506639
                  126.06                      -33.401595
                  126.32                      -36.197054
                  126.58                      -37.754229
                  126.84                      -37.964929
                   127.1                      -36.835047
                  127.36                      -34.565349
                  127.62                      -31.557333
                  127.88                      -28.305616
                  128.14                      -25.238262
               128.39999                      -22.624867
                  128.66                      -20.586191
                  128.92                      -19.145841
               129.17999                       -18.27114
                  129.44                      -17.890398
                   129.7                      -17.906791
               129.96001                      -18.217701
                  130.22                      -18.739527
                  130.48                      -19.425825
               130.74001                      -20.269603
                     131                      -21.288228
               131.25999                      -22.497881
                  131.52                      -23.894409
                  131.78                      -25.448523
               132.03999                      -27.116509
                   132.3                      -28.858152
                  132.56                      -30.651379
               132.82001                      -32.495204
                  133.08                      -34.401315
                  133.34                      -36.377589
               133.60001                      -38.414845
                  133.86                      -40.482371
                  134.12                      -42.533174
                  134.38                       -44.51076
                  134.64                      -46.353055
               134.89999                      -47.980278
                  135.16                      -49.261838
                  135.42                      -49.946061
               135.67999                      -49.519965
                  135.94                      -46.878925
                   136.2                      -39.444182
               136.46001                      -21.283201
                  136.72                       11.925618
                  136.98                       40.324776
               137.24001                       53.500487
                   137.5                       58.535266
               137.75999                       59.861416
                  138.02                       59.324837
                  138.28                       57.757499
               138.53999                       55.588338
                   138.8                       53.068489
                  139.06                       50.356957
               139.32001                       47.557129
                  139.58                       44.734568
                  139.84                       41.927741
               140.10001                       39.157418
                  140.36                       36.437034
                  140.62                       33.777194
                  140.88                       31.189046
                  141.14                       28.682748
               141.39999                       26.264424
                  141.66                       23.934401
                  141.92                       21.687979
               142.17999                       19.516742
                  142.44                       17.413591
                   142.7                       15.374371
               142.96001                       13.398316
                  143.22                       11.485752
                  143.48                       9.6351533
               143.74001                       7.8418197
                     144                       6.0979903
               144.25999                       4.3961255
                  144.52                       2.7304338
                  144.78                       1.0987288
               145.03999                     -0.49887974
                   145.3                      -2.0625013
                  145.56                       -3.594212
               145.82001                      -5.0990394
                  146.08                      -6.5829943
                  146.34                      -8.0514296
               146.60001                      -9.5070808
                  146.86                      -10.950053
                  147.12                      -12.379693
                  147.38                      -13.796001
                  147.64                      -15.201927
               147.89999                       -16.60217
                  148.16                      -18.001432
                  148.42                      -19.402877
               148.67999                      -20.807163
                  148.94                      -22.213306
                   149.2                      -23.620873
               149.46001                      -25.030952
                  149.72                      -26.446823
                  149.98                      -27.872202
               150.24001                      -29.310804
                   150.5                      -30.763501
               150.75999                      -32.229861
                  151.02                      -33.708133
                  151.28                      -35.197987
               151.53999                      -36.700522
                   151.8                      -38.218351
                  152.06                      -39.753453
               152.32001                      -41.306144
                  152.58                      -42.874354
                  152.84                      -44.454372
               153.10001                      -46.041488
                  153.36                      -47.631994
                  153.62                      -49.222174
                  153.88                      -50.808087
                  154.14                      -52.382638
               154.39999                      -53.935219
                  154.66                      -55.449991
                  154.92                      -56.907282
               155.17999                      -58.283043
                  155.44                      -59.549307
                   155.7                      -60.671863
               155.96001                      -61.607325
                  156.22                      -62.298978
                  156.48                      -62.672507
               156.74001                      -62.633274
                     157                       -62.06358
               157.25999                      -60.822347
                  157.52                      -58.749684
                  157.78                      -55.680141
               158.03999                      -51.480618
                   158.3                      -46.117768
                  158.56                      -39.753014
               158.82001                      -32.800102
                  159.08                      -25.861285
                  159.34                      -19.532377
               159.60001                      -14.210949
                  159.86                      -10.040162
                  160.12                      -6.9737901
                  160.38                      -4.8711843
                  160.64                      -3.5680935
               160.89999                      -2.9113025
                  161.16                      -2.7713112
                  161.42                      -3.0437535
               161.67999                      -3.6461216
                  161.94                      -4.5138286
                   162.2                      -5.5968238
               162.46001                      -6.8560922
                  162.72                      -8.2623457
                  162.98                      -9.7937291
               163.24001                      -11.435161
                   163.5                      -13.177897
               163.75999                      -15.016692
                  164.02                      -16.950456
                  164.28                      -18.978748
               164.53999                       -21.10343
                   164.8                      -23.328212
                  165.06                      -25.660641
               165.32001                      -28.113278
                  165.58                      -30.703834
                  165.84                      -33.453831
               166.10001                      -36.387426
                  166.36                      -39.530077
                  166.62                      -42.909329
                  166.88                      -46.558178
                  167.14                      -50.519253
               167.39999                      -54.846752
                  167.66                      -59.606681
                  167.92                      -64.873903
               168.17999                      -70.729618
                  168.44                      -77.264741
                   168.7                      -84.597196
               168.96001                      -92.916366
                  169.22                      -102.58627
                  169.48                      -114.38731
               169.74001                      -130.11412
                     170                      -153.82242
               170.25999                       169.64765
                  170.52                       130.94113
                  170.78                        105.4089
               171.03999                       90.000324
                   171.3                       79.845308
                  171.56                        72.57591
               171.82001                        67.06597
                  172.08                         62.7129
                  172.34                       59.159672
               172.60001                        56.18149
                  172.86                       53.630933
                  173.12                       51.403089
                  173.38                       49.413375
                  173.64                       47.587474
               173.89999                       45.861565
                  174.16                       44.186036
                  174.42                       42.529745
               174.67999                       40.877931
                  174.94                       39.226227
                   175.2                       37.573322
               175.46001                       35.916702
                  175.72                       34.251667
                  175.98                       32.574061
               176.24001                       30.883889
                   176.5                       29.185958
               176.75999                       27.488903
                  177.02                       25.801463
                  177.28                       24.129108
               177.53999                       22.473359
                   177.8                        20.83291
                  178.06                       19.206451
               178.32001                       17.595074
                  178.58                       16.002711
                  178.84                       14.433843
               179.10001                       12.891859
                  179.36                       11.376542
                  179.62                       9.8857025
                  179.88                       8.4156269
                  180.14                       6.9641304
               180.39999                       5.5315388
                  180.66                       4.1197114
                  180.92                       2.7309428
               181.17999                       1.3650142
                  181.44                     0.019630873
                   181.7                      -1.3090322
               181.96001                      -2.6243627
                  182.22                      -3.9274538
                  182.48                      -5.2176495
               182.74001                      -6.4930909
                     183                       -7.753452
               183.25999                      -8.9998252
                  183.52                      -10.236034
                  183.78                      -11.465141
               184.03999                      -12.689111
                   184.3                      -13.907945
                  184.56                      -15.120223
               184.82001                       -16.32474
                  185.08                      -17.521715
                  185.34                      -18.713666
               185.60001                       -19.90343
                  185.86                      -21.093523
                  186.12                       -22.28416
                  186.38                      -23.473925
                  186.64                      -24.660739
               186.89999                      -25.843728
                  187.16                      -27.023766
                  187.42                      -28.203037
               187.67999                      -29.382968
                  187.94                      -30.563773
                   188.2                      -31.743043
               188.46001                      -32.917509
                  188.72                      -34.083668
                  188.98                      -35.239553
               189.24001                      -36.384402
                   189.5                      -37.517339
               189.75999                      -38.635742
                  190.02                      -39.734584
                  190.28                      -40.805887
               190.53999                      -41.840684
                   190.8                      -42.830573
                  191.06                      -43.767565
               191.32001                      -44.643577
                  191.58                      -45.448775
                  191.84                      -46.169715
               192.10001                      -46.789021
                  192.36                      -47.287242
                  192.62                      -47.643723
                  192.88                      -47.839667
                  193.14                      -47.857809
               193.39999                        -47.6811
                  193.66                      -47.292924
                  193.92                      -46.676133
               194.17999                      -45.817386
                  194.44                      -44.711331
                   194.7                      -43.365621
               194.96001                      -41.803201
                  195.22                      -40.060574
                  195.48                      -38.183638
               195.74001                      -36.224084
                     196                       -34.23743
               196.25999                      -32.280935
                  196.52                      -30.411427
                  196.78                      -28.680497
               197.03999                      -27.128349
                   197.3                      -25.779579
                  197.56                      -24.643909
               197.82001                      -23.720138
                  198.08                      -23.000728
                  198.34                      -22.476826
               198.60001                      -22.138158
                  198.86                      -21.972922
                  199.12                      -21.966257
                  199.38                      -22.101112
                  199.64                      -22.359237
               199.89999                      -22.725119
                  200.16                      -23.186619
                  200.42                       -23.73533
               200.67999                      -24.364253
                  200.94                      -25.066507
                   201.2                      -25.833891
               201.46001                      -26.657668
                  201.72                      -27.530622
                  201.98                      -28.447504
               202.24001                      -29.406352
                   202.5                      -30.406842
               202.75999                      -31.448524
                  203.02                      -32.529553
                  203.28                       -33.64708
               203.53999                       -34.79827
                   203.8                      -35.981368
                  204.06                      -37.197359
               204.32001                      -38.449196
                  204.58                      -39.739938
                  204.84                      -41.072319
               205.10001                      -42.446552
                  205.36                      -43.863297
                  205.62                      -45.323537
                  205.88                      -46.830332
                  206.14                      -48.389362
               206.39999                      -50.007516
                  206.66                      -51.691677
                  206.92                      -53.447091
               207.17999                      -55.279002
                  207.44                      -57.192986
                   207.7                      -59.196579
               207.96001                      -61.300607
                  208.22                      -63.518833
                  208.48                       -65.86645
               208.74001                      -68.359523
                     209                      -71.014446
               209.25999                      -73.849139
                  209.52                      -76.886113
                  209.78                      -80.153676
               210.03999                      -83.688545
                   210.3                      -87.536837
                  210.56                       -91.75549
               210.82001                      -96.415865
                  211.08                      -101.61063
                  211.34                      -107.46602
               211.60001                      -114.16124
                  211.86                       -121.9564
                  212.12                      -131.22961
                  212.38                       -142.5098
                  212.64                      -156.43978
               212.89999                      -173.49001
                  213.16                       166.78221
                  213.42                       146.32968
               213.67999                        127.6154
                  213.94                       111.89077
                   214.2                        99.06761
               214.46001                       88.546714
                  214.72                       79.740578
                  214.98                        72.20748
               215.24001                        65.64132
                   215.5                       59.833038
               215.75999                       54.638597
                  216.02                       49.955707
                  216.28                       45.708751
               216.53999                       41.838384
                   216.8                       38.295755
                  217.06                        35.03923
               217.32001                       32.033181
                  217.58                       29.247996
                  217.84                       26.659735
               218.10001                       24.247968
                  218.36                        21.99488
                  218.62                       19.883751
                  218.88                       17.898298
                  219.14                       16.023108
               219.39999                       14.245075
                  219.66                       12.554356
                  219.92                       10.943524
               220.17999                       9.4073333
                  220.44                       7.9410829
                   220.7                       6.5389815
               220.96001                       5.1950189
                  221.22                       3.9039493
                  221.48                         2.66162
               221.74001                       1.4668287
                     222                      0.31913832
               222.25999                     -0.78123256
                  222.52                      -1.8354859
                  222.78                      -2.8456982
               223.03999                      -3.8151481
                   223.3                      -4.7462392
                  223.56                      -5.6391913
               223.82001                      -6.4932377
                  224.08                      -7.3068496
                  224.34                      -8.0794808
               224.60001                      -8.8117864
                  224.86                      -9.5058433
                  225.12                      -10.163399
                  225.38                      -10.785001
                  225.64                      -11.368901
               225.89999                      -11.912693
                  226.16                      -12.414629
                  226.42                      -12.874492
               226.67999                      -13.293703
                  226.94                      -13.673679
                   227.2                      -14.015298
               227.46001                      -14.317138
                  227.72                      -14.577231
                  227.98                      -14.793723
               228.24001                      -14.966608
                   228.5                      -15.097855
               228.75999                      -15.191183
                  229.02                      -15.248994
                  229.28                      -15.272819
               229.53999                      -15.262655
                   229.8                       -15.21883
                  230.06                      -15.143644
               230.32001                      -15.041575
                  230.58                      -14.918959
                  230.84                      -14.781371
               231.10001                      -14.632855
                  231.36                      -14.475706
                  231.62                      -14.311783
                  231.88                      -14.144142
                  232.14                      -13.977705
               232.39999                      -13.818479
                  232.66                      -13.671713
                  232.92                      -13.540901
               233.17999                      -13.426482
                  233.44                      -13.328344
                   233.7                      -13.246382
               233.96001                      -13.182016
                  234.22                      -13.138082
                  234.48                      -13.116772
               234.74001                      -13.118302
                     235                      -13.140815
               235.25999                      -13.181141
                  235.52                      -13.236327
                  235.78                      -13.305287
               236.03999                      -13.388778
                   236.3                      -13.487898
                  236.56                      -13.602426
               236.82001                      -13.731052
                  237.08                      -13.871264
                  237.34                       -14.02098
               237.60001                      -14.181081
                  237.86                      -14.353856
                  238.12                      -14.543791
                  238.38                      -14.754597
                  238.64                      -14.989557
               238.89999                      -15.250633
                  239.16                       -15.54078
                  239.42                      -15.864586
               239.67999                      -16.228606
                  239.94                      -16.640386
                   240.2                      -17.107023
               240.46001                      -17.633331
                  240.72                      -18.222038
                  240.98                       -18.87424
               241.24001                      -19.590373
                   241.5                      -20.371199
               241.75999                      -21.216942
                  242.02                      -22.125957
                  242.28                      -23.094531
               242.53999                      -24.116001
                   242.8                      -25.182164
                  243.06                      -26.284284
               243.32001                      -27.415363
                  243.58                      -28.569175
                  243.84                      -29.740578
               244.10001                      -30.924225
                  244.36                      -32.114427
                  244.62                      -33.304518
                  244.88                      -34.489582
                  245.14                      -35.665469
               245.39999                      -36.830863
                  245.66                      -37.985765
                  245.92                      -39.131051
               246.17999                      -40.266064
                  246.44                       -41.38993
                   246.7                      -42.501556
               246.96001                      -43.600069
                  247.22                      -44.686562
                  247.48                      -45.763652
               247.74001                      -46.834193
                     248                      -47.899922
               248.25999                      -48.961717
                  248.52                      -50.018266
                  248.78                       -51.06913
               249.03999                      -52.114968
                   249.3                       -53.15731
                  249.56                      -54.198995
               249.82001                      -55.242211
                  250.08                      -56.287176
                  250.34                      -57.332358
               250.60001                      -58.376011
                  250.86                      -59.416821
                  251.12                      -60.455447
                  251.38                        -61.4932
                  251.64                      -62.531606
               251.89999                       -63.57045
                  252.16                      -64.607766
                  252.42                      -65.639617
               252.67999                      -66.662942
                  252.94                      -67.675995
                   253.2                      -68.678776
               253.46001                      -69.671504
                  253.72                      -70.653521
                  253.98                      -71.621332
               254.24001                      -72.569691
                   254.5                      -73.492694
               254.75999                      -74.386193
                  255.02                      -75.247999
                  255.28                      -76.076801
               255.53999                      -76.871944
                   255.8                      -77.629494
                  256.06                      -78.343113
               256.32001                      -79.005586
               256.57999                      -79.610358
                  256.84                      -80.155025
               257.10001                      -80.639804
               257.35999                       -81.06557
                  257.62                      -81.431669
                  257.88                      -81.733728
               258.14001                      -81.965625
               258.39999                      -82.121682
                  258.66                      -82.200366
               258.92001                      -82.204737
               259.17999                      -82.139386
                  259.44                      -82.007154
               259.70001                      -81.804979
               259.95999                      -81.525434
                  260.22                      -81.160211
               260.48001                        -80.7045
               260.73999                      -80.158304
                     261                      -79.524243
               261.26001                      -78.800571
               261.51999                       -77.97592
                  261.78                      -77.028437
               262.04001                      -75.931018
               262.29999                      -74.657213
                  262.56                      -73.184296
               262.82001                      -71.489972
               263.07999                      -69.542331
                  263.34                      -67.290007
               263.60001                      -64.661969
               263.85999                      -61.576693
                  264.12                      -57.959641
                  264.38                      -53.761422
               264.64001                      -48.966525
               264.89999                      -43.595041
                  265.16                      -37.708186
               265.42001                      -31.429548
               265.67999                      -24.963161
                  265.94                      -18.583549
               266.20001                      -12.575056
               266.45999                      -7.1541816
                  266.72                      -2.4270347
               266.98001                       1.5964383
               267.23999                       4.9580935
                   267.5                       7.7146483
               267.76001                       9.9207451
               268.01999                       11.632227
                  268.28                        12.91204
               268.54001                       13.830564
               268.79999                       14.459708
                  269.06                       14.862414
               269.32001                       15.087318
               269.57999                       15.170155
                  269.84                       15.142178
               270.10001                        15.03978
               270.35999                       14.911153
                  270.62                       14.816624
                  270.88                       14.825586
               271.14001                       15.011258
               271.39999                       15.449919
                  271.66                       16.225501
               271.92001                       17.432751
               272.17999                       19.177781
                  272.44                       21.559934
               272.70001                       24.635596
               272.95999                       28.364224
                  273.22                       32.568122
               273.48001                       36.939663
               273.73999                       41.117333
                     274                       44.788368
               274.26001                        47.75901
               274.51999                       49.962157
                  274.78                       51.423597
               275.04001                       52.223111
               275.29999                       52.464407
                  275.56                       52.256334
               275.82001                       51.703146
               276.07999                       50.895434
                  276.34                       49.906529
               276.60001                       48.791188
               276.85999                       47.586997
                  277.12                       46.320517
                  277.38                       45.011087
               277.64001                       43.676197
               277.89999                       42.331469
                  278.16                       40.990457
               278.42001                       39.661903
               278.67999                       38.349085
                  278.94                       37.051569
               279.20001                       35.767162
               279.45999                       34.495986
                  279.72                       33.239994
               279.98001                       32.003455
               280.23999                       30.789648
                   280.5                       29.599121
               280.76001                       28.429466
               281.01999                       27.276748
                  281.28                       26.138456
               281.54001                         25.0147
               281.79999                       23.907989
                  282.06                       22.822043
               282.32001                       21.758065
               282.57999                       20.715066
                  282.84                       19.689556
               283.10001                       18.678359
               283.35999                       17.680714
                  283.62                       16.698151
                  283.88                       15.734384
               284.14001                       14.791707
               284.39999                       13.870233
                  284.66                        12.96701
               284.92001                       12.078866
               285.17999                       11.203618
                  285.44                        10.34225
               285.70001                       9.4979295
               285.95999                       8.6738255
                  286.22                       7.8707044
               286.48001                       7.0867078
               286.73999                       6.3182301
                     287                       5.5625382
               287.26001                        4.819632
               287.51999                       4.0918069
                  287.78                         3.38256
               288.04001                       2.6939677
               288.29999                          2.0245
                  288.56                       1.3709875
               288.82001                      0.72982392
               289.07999                     0.099807278
                  289.34                     -0.51709537
               289.60001                      -1.1177149
               289.85999                      -1.6993192
                  290.12                      -2.2623453
                  290.38                      -2.8098532
               290.64001                      -3.3457775
               290.89999                      -3.8725214
                  291.16                       -4.388993
               291.42001                      -4.8921318
               291.67999                      -5.3783326
                  291.94                       -5.847047
               292.20001                      -6.3007901
               292.45999                      -6.7432776
                  292.72                      -7.1774586
               292.98001                      -7.6026788
               293.23999                      -8.0155507
                   293.5                       -8.411265
               293.76001                      -8.7873074
               294.01999                      -9.1443339
                  294.28                       -9.484642
               294.54001                      -9.8103054
               294.79999                      -10.120342
                  295.06                      -10.409941
               295.32001                      -10.673094
               295.57999                      -10.905649
                  295.84                      -11.107713
               296.10001                      -11.283988
               296.35999                      -11.441244
                  296.62                      -11.587356
                  296.88                      -11.729206
               297.14001                      -11.874881
               297.39999                      -12.035745
                  297.66                      -12.227755
               297.92001                      -12.468178
               298.17999                      -12.772093
                  298.44                      -13.146606
               298.70001                      -13.589313
               298.95999                      -14.089938
                  299.22                      -14.634167
               299.48001                      -15.208887
               299.73999                      -15.804917
                     300                      -16.416246

